[[343,[25,23,-13,21,14,0],[71,0]],
 [343,[41,41,-8,38,36,0],[-71,0]]],
[[1513,[43,39,-31,27,24,0],[-545,1314]],
 [1513,[116,109,-13,108,104,0],[545,1314]]],
[[1681,[35,19,-43,8,3,0],[-18,98]],
 [1681,[36,20,-42,7,7,0],[18,98]]],
[[1901,[67,67,-27,63,44,0],[461,563]],
 [1901,[68,68,-26,61,49,0],[-461,563]]],
[[2187,[59,26,-37,24,24,0],[104,1152]],
 [2187,[73,61,-29,54,51,0],[-104,1152]]],
[[2197,[45,41,-47,39,0,0],[-1032,845]],
 [2197,[58,54,-34,39,39,0],[-1032,845]]],
[[2971,[53,49,-52,44,6,0],[-1349,445]],
 [2971,[63,59,-42,46,34,0],[1349,445]]],
[[3511,[53,50,-59,42,2,0],[1645,3368]],
 [3511,[79,47,-44,42,40,0],[1645,3368]]],
[[3527,[80,69,-43,66,40,0],[-1051,3105]],
 [3527,[99,99,-33,86,79,0],[1051,3105]]],
[[3553,[106,104,-32,97,81,0],[-1021,2014]],
 [3553,[151,146,-23,138,136,0],[1021,2014]]],
[[4001,[79,49,-50,46,32,0],[-1502,3336]],
 [4001,[75,54,-51,46,32,0],[1502,3336]]],
[[4241,[46,39,-71,14,0,0],[-144,392]],
 [4241,[50,43,-67,16,10,0],[144,392]]],
[[4321,[53,31,-71,13,0,0],[14,338]],
 [4321,[72,14,-60,13,13,0],[14,338]]],
[[4667,[75,62,-61,60,16,0],[1037,1125]],
 [4667,[93,61,-50,60,44,0],[1037,1125]]],
[[4991,[79,65,-61,61,22,0],[1198,735]],
 [4991,[153,145,-32,140,126,0],[-1198,735]]],
[[5057,[72,20,-70,19,3,0],[340,626]],
 [5057,[59,47,-71,19,16,0],[340,626]]],
[[6121,[63,58,-79,36,6,0],[-979,2232]],
 [6121,[110,110,-50,87,83,0],[979,2232]]],
[[6293,[115,101,-53,95,68,0],[1119,1792]],
 [6293,[179,177,-34,168,154,0],[-1119,1792]]],
[[6337,[113,63,-56,60,60,0],[567,863]],
 [6337,[127,119,-47,103,96,0],[-567,863]]],
[[6353,[128,109,-49,106,82,0],[2476,5830]],
 [6353,[316,310,-20,307,299,0],[-2476,5830]]],
[[7025,[89,72,-73,60,28,0],[2891,5408]],
 [7025,[109,59,-64,52,52,0],[2891,5408]]],
[[7571,[81,69,-84,56,10,0],[-74,5352]],
 [7571,[108,63,-69,56,46,0],[-74,5352]]],
[[7741,[106,105,-69,98,44,0],[-1611,6715]],
 [7741,[131,97,-58,86,84,0],[-1611,6715]]],
[[7879,[81,71,-87,58,7,0],[3919,6014]],
 [7879,[89,79,-79,63,26,0],[-3919,6014]]],
[[7889,[116,71,-67,62,58,0],[418,7224]],
 [7889,[239,209,-33,208,207,0],[418,7224]]],
[[7999,[103,88,-73,78,40,0],[2245,1129]],
 [7999,[101,101,-68,72,62,0],[2245,1129]]],
[[8019,[160,130,-50,129,111,0],[2470,5229]],
 [8019,[215,212,-37,210,180,0],[-2470,5229]]],
[[8077,[79,37,-94,16,6,0],[-144,392]],
 [8077,[81,39,-92,14,14,0],[144,392]]],
[[8099,[71,59,-94,34,2,0],[3085,2184]],
 [8099,[92,47,-85,38,16,0],[-3085,2184]]],
[[8549,[81,79,-89,59,12,0],[3272,5834]],
 [8549,[106,76,-76,59,47,0],[3272,5834]]],
[[8671,[83,43,-96,24,6,0],[4216,936]],
 [8671,[97,33,-88,24,18,0],[-4216,936]]],
[[9017,[94,37,-93,26,12,0],[1158,1016]],
 [9017,[76,61,-97,26,14,0],[1158,1016]]],
[[9061,[116,94,-76,89,45,0],[-4153,2821]],
 [9061,[206,199,-43,192,170,0],[4153,2821]]],
[[9269,[101,101,-81,84,37,0],[-1340,1365]],
 [9269,[211,196,-43,182,182,0],[1340,1365]]],
[[9331,[107,85,-85,81,26,0],[1398,931]],
 [9331,[209,197,-44,192,170,0],[-1398,931]]],
[[9509,[93,71,-94,58,12,0],[-2597,5624]],
 [9509,[119,64,-79,58,46,0],[-2597,5624]]],
[[9541,[85,85,-97,69,4,0],[-4332,9002]],
 [9541,[213,195,-44,182,182,0],[4332,9002]]],
[[9889,[104,96,-86,81,33,0],[1719,65]],
 [9889,[109,101,-81,81,48,0],[-1719,65]]],
[[10373,[136,98,-76,97,61,0],[3626,4053]],
 [10373,[219,214,-47,212,174,0],[-3626,4053]]],
[[10847,[86,83,-105,60,4,0],[-1047,6752]],
 [10847,[129,70,-83,60,56,0],[-1047,6752]]],
[[10935,[88,61,-107,30,12,0],[5179,1368]],
 [10935,[77,77,-106,30,18,0],[-5179,1368]]],
[[10935,[118,106,-92,105,27,0],[-2561,6903]],
 [10935,[227,227,-46,210,198,0],[2561,6903]]],
[[11011,[125,108,-87,106,40,0],[3677,6181]],
 [11011,[145,108,-75,104,74,0],[3677,6181]]],
[[11011,[144,136,-76,135,69,0],[-1899,5320]],
 [11011,[152,144,-68,129,99,0],[-1899,5320]]],
[[11025,[134,116,-76,87,87,0],[-1669,4113]],
 [11025,[226,223,-47,210,192,0],[1669,4113]]],
[[11443,[139,107,-79,93,74,0],[3662,3043]],
 [11443,[227,226,-49,218,186,0],[3662,3043]]],
[[11799,[131,131,-79,102,81,0],[1166,5607]],
 [11799,[250,217,-47,210,210,0],[-1166,5607]]],
[[11975,[146,137,-79,130,74,0],[542,1562]],
 [11975,[307,271,-39,270,269,0],[542,1562]]],
[[11987,[145,118,-79,104,80,0],[2841,5805]],
 [11987,[190,160,-62,151,137,0],[-2841,5805]]],
[[12005,[193,169,-61,161,140,0],[3193,9947]],
 [12005,[271,257,-44,254,230,0],[-3193,9947]]],
[[12103,[125,109,-92,100,42,0],[5212,3025]],
 [12103,[141,108,-83,98,68,0],[-5212,3025]]],
[[12293,[106,43,-111,26,12,0],[-1925,1016]],
 [12293,[88,67,-115,26,14,0],[-1925,1016]]],
[[12319,[133,100,-91,96,46,0],[-3038,1513]],
 [12319,[125,109,-92,96,46,0],[3038,1513]]],
[[12325,[139,113,-86,106,60,0],[4948,4627]],
 [12325,[151,112,-79,94,90,0],[-4948,4627]]],
[[12373,[206,190,-58,173,165,0],[-5861,7726]],
 [12373,[284,271,-43,264,248,0],[-5861,7726]]],
[[12677,[226,226,-54,215,183,0],[5482,4676]],
 [12677,[227,227,-53,208,193,0],[-5482,4676]]],
[[12725,[109,93,-101,60,41,0],[-5837,5642]],
 [12725,[128,74,-96,55,51,0],[-5837,5642]]],
[[12961,[131,128,-95,122,42,0],[1243,10087]],
 [12961,[175,113,-74,112,102,0],[1243,10087]]],
[[13157,[131,83,-99,79,36,0],[2447,9386]],
 [13157,[137,89,-93,76,57,0],[-2447,9386]]],
[[13361,[145,121,-89,113,64,0],[1732,5905]],
 [13361,[151,127,-83,104,91,0],[-1732,5905]]],
[[13365,[79,58,-131,6,0,0],[1183,72]],
 [13365,[92,47,-127,6,6,0],[-1183,72]]],
[[13475,[151,82,-89,80,64,0],[2952,10752]],
 [13475,[131,107,-94,80,64,0],[2952,10752]]],
[[13661,[127,109,-99,92,45,0],[-4357,12698]],
 [13661,[134,116,-92,85,73,0],[4357,12698]]],
[[13851,[115,79,-116,72,6,0],[-1184,9576]],
 [13851,[128,107,-97,72,66,0],[1184,9576]]],
[[13851,[113,113,-115,105,6,0],[-229,7011]],
 [13851,[277,229,-50,228,228,0],[229,7011]]],
[[13851,[119,74,-109,54,30,0],[-4135,4392]],
 [13851,[163,163,-77,138,111,0],[4135,4392]]],
[[14147,[145,143,-89,125,74,0],[-6305,9555]],
 [14147,[261,257,-52,234,232,0],[6305,9555]]],
[[14293,[139,125,-95,108,61,0],[-6930,3301]],
 [14293,[141,127,-93,107,68,0],[6930,3301]]],
[[14467,[127,103,-106,88,36,0],[2246,11744]],
 [14467,[1112,1111,-13,1110,1100,0],[-2246,11744]]],
[[14521,[118,98,-110,75,31,0],[5808,8522]],
 [14521,[137,85,-103,75,44,0],[5808,8522]]],
[[14569,[117,62,-117,40,22,0],[-3716,2408]],
 [14569,[127,53,-112,38,30,0],[3716,2408]]],
[[14587,[187,161,-77,157,114,0],[1094,10320]],
 [14587,[190,164,-74,147,133,0],[-1094,10320]]],
[[14839,[89,79,-129,33,6,0],[-1820,1854]],
 [14839,[96,86,-122,33,27,0],[1820,1854]]],
[[14891,[137,53,-108,48,34,0],[5035,3656]],
 [14891,[135,56,-109,48,34,0],[-5035,3656]]],
[[15211,[193,193,-73,171,142,0],[3592,4613]],
 [15211,[297,285,-50,266,266,0],[-3592,4613]]],
[[15377,[124,2,-124,1,1,0],[2,2]],
 [15377,[106,32,-136,1,1,0],[-2,2]]],
[[15827,[183,169,-83,158,111,0],[-2967,7840]],
 [15827,[292,279,-53,266,252,0],[2967,7840]]],
[[16073,[118,49,-129,26,12,0],[-6520,1016]],
 [16073,[100,73,-133,26,14,0],[-6520,1016]]],
[[16093,[83,79,-139,12,11,0],[5878,266]],
 [16093,[272,227,-59,222,218,0],[-5878,266]]],
[[16309,[139,90,-111,68,50,0],[-2345,7448]],
 [16309,[158,67,-103,62,60,0],[2345,7448]]],
[[16625,[176,164,-94,163,83,0],[-3341,6608]],
 [16625,[188,176,-82,145,137,0],[-3341,6608]]],
[[16767,[127,91,-122,72,24,0],[-1526,8064]],
 [16767,[472,469,-35,456,450,0],[-1526,8064]]],
[[16775,[243,227,-67,214,189,0],[-5287,15042]],
 [16775,[342,311,-49,310,294,0],[5287,15042]]],
[[16957,[262,228,-64,219,207,0],[-7779,6169]],
 [16957,[1539,1539,-11,1535,1532,0],[-7779,6169]]],
[[17081,[176,176,-90,159,103,0],[-3637,4864]],
 [17081,[307,280,-55,266,266,0],[3637,4864]]],
[[17093,[148,146,-104,125,65,0],[-8049,6357]],
 [17093,[187,119,-91,115,100,0],[-8049,6357]]],
[[17105,[304,266,-56,257,257,0],[4441,12363]],
 [17105,[584,581,-29,568,568,0],[-4441,12363]]],
[[17111,[141,123,-111,103,50,0],[8470,15918]],
 [17111,[149,131,-103,95,82,0],[-8470,15918]]],
[[17195,[139,73,-121,65,26,0],[-6942,6422]],
 [17195,[128,102,-118,61,51,0],[6942,6422]]],
[[17257,[207,203,-81,196,133,0],[-4072,8303]],
 [17257,[331,293,-52,288,284,0],[-4072,8303]]],
[[17293,[121,83,-133,68,3,0],[-4158,8858]],
 [17293,[130,92,-124,75,23,0],[4158,8858]]],
[[17437,[157,155,-101,135,76,0],[782,10045]],
 [17437,[289,283,-58,258,256,0],[-782,10045]]],
[[17577,[167,149,-97,123,96,0],[-5602,7497]],
 [17577,[286,283,-59,264,246,0],[5602,7497]]],
[[17719,[133,107,-127,98,15,0],[1,16718]],
 [17719,[283,272,-61,260,234,0],[-1,16718]]],
[[17749,[157,53,-113,52,45,0],[424,4778]],
 [17749,[145,71,-119,52,45,0],[-424,4778]]],
[[17911,[139,89,-125,81,22,0],[-6029,10526]],
 [17911,[153,103,-111,74,71,0],[6029,10526]]],
[[17987,[146,53,-123,52,24,0],[1537,4064]],
 [17987,[110,101,-131,52,28,0],[1537,4064]]],
[[18101,[109,101,-137,68,5,0],[-5850,8618]],
 [18101,[119,111,-127,75,28,0],[5850,8618]]],
[[18229,[151,137,-107,100,81,0],[-7800,16922]],
 [18229,[627,623,-29,621,600,0],[-7800,16922]]],
[[18361,[149,115,-121,111,32,0],[1458,1225]],
 [18361,[293,275,-62,270,236,0],[-1458,1225]]],
[[18463,[152,152,-104,107,93,0],[-2626,1831]],
 [18463,[1229,1225,-15,1221,1218,0],[-2626,1831]]],
[[18593,[139,48,-131,32,24,0],[-161,1664]],
 [18593,[196,166,-92,155,115,0],[161,1664]]],
[[18923,[135,109,-137,105,2,0],[8806,2715]],
 [18923,[183,119,-103,117,82,0],[8806,2715]]],
[[18923,[150,124,-122,117,35,0],[1560,2715]],
 [18923,[186,122,-100,105,103,0],[1560,2715]]],
[[19073,[219,208,-83,192,152,0],[-4362,4349]],
 [19073,[825,823,-23,816,809,0],[4362,4349]]],
[[19475,[127,111,-134,84,20,0],[77,11552]],
 [19475,[182,77,-107,76,76,0],[77,11552]]],
[[19483,[145,41,-133,30,23,0],[8118,1478]],
 [19483,[883,883,-22,880,864,0],[-8118,1478]]],
[[19721,[193,173,-95,140,131,0],[3126,17121]],
 [19721,[317,300,-61,288,268,0],[-3126,17121]]],
[[19891,[155,47,-128,44,30,0],[2397,3032]],
 [19891,[124,89,-139,44,30,0],[-2397,3032]]],
[[20021,[251,248,-75,222,202,0],[-3707,10404]],
 [20021,[384,375,-51,356,352,0],[3707,10404]]],
[[20027,[155,59,-129,58,27,0],[1888,5054]],
 [20027,[121,109,-135,57,38,0],[1888,5054]]],
[[20195,[151,61,-131,43,38,0],[5059,3318]],
 [20195,[432,422,-46,405,403,0],[-5059,3318]]],
[[20281,[148,135,-127,120,36,0],[-2335,2471]],
 [20281,[185,127,-108,120,84,0],[-2335,2471]]],
[[20339,[109,97,-147,45,14,0],[-8467,3182]],
 [20339,[149,53,-135,46,21,0],[-8467,3182]]],
[[20357,[130,55,-147,26,12,0],[7514,1016]],
 [20357,[112,79,-151,26,14,0],[7514,1016]]],
[[20411,[157,85,-126,68,48,0],[-7768,7328]],
 [20411,[130,117,-131,68,48,0],[7768,7328]]],
[[20449,[150,64,-136,63,15,0],[3136,6498]],
 [20449,[170,64,-120,57,57,0],[3136,6498]]],
[[20449,[153,72,-133,70,22,0],[7200,7688]],
 [20449,[171,72,-119,62,62,0],[7200,7688]]],
[[20449,[161,96,-125,90,42,0],[-9794,12168]],
 [20449,[175,96,-115,78,78,0],[-9794,12168]]],
[[20449,[175,144,-111,128,80,0],[4313,4639]],
 [20449,[185,144,-105,112,112,0],[4313,4639]]],
[[20449,[192,188,-98,165,117,0],[269,2320]],
 [20449,[196,192,-94,147,147,0],[269,2320]]],
[[20459,[107,83,-153,27,10,0],[-8499,1118]],
 [20459,[144,40,-140,27,17,0],[-8499,1118]]],
[[20483,[103,79,-157,23,2,0],[-7563,974]],
 [20483,[144,40,-140,23,21,0],[-7563,974]]],
[[20493,[191,149,-103,129,108,0],[-778,8253]],
 [20493,[310,301,-65,294,252,0],[778,8253]]],
[[20563,[169,129,-118,120,60,0],[-2143,1037]],
 [20563,[219,213,-89,197,146,0],[2143,1037]]],
[[20809,[116,109,-141,48,36,0],[6770,3744]],
 [20809,[219,173,-93,160,139,0],[-6770,3744]]],
[[21197,[139,127,-131,91,44,0],[-2070,12426]],
 [21197,[140,128,-130,91,47,0],[2070,12426]]],
[[21563,[148,141,-143,138,8,0],[-8430,14445]],
 [21563,[184,177,-107,152,102,0],[8430,14445]]],
[[21743,[133,133,-141,107,18,0],[6296,19694]],
 [21743,[983,983,-22,974,970,0],[6296,19694]]],
[[21779,[149,134,-135,118,30,0],[5186,789]],
 [21779,[178,147,-113,110,102,0],[5186,789]]],
[[21821,[149,79,-145,76,7,0],[-4757,10586]],
 [21821,[153,107,-133,84,43,0],[4757,10586]]],
[[21889,[146,45,-149,42,0,0],[6075,3528]],
 [21889,[145,80,-141,42,42,0],[6075,3528]]],
[[21983,[163,83,-131,62,53,0],[8324,6734]],
 [21983,[345,321,-63,313,290,0],[-8324,6734]]],
[[22031,[181,115,-119,103,74,0],[-9513,16926]],
 [22031,[153,147,-123,103,74,0],[9513,16926]]],
[[22113,[215,209,-97,192,135,0],[-2434,14112]],
 [22113,[349,331,-62,312,306,0],[2434,14112]]],
[[22181,[143,117,-148,108,4,0],[8084,315]],
 [22181,[175,149,-116,116,92,0],[-8084,315]]],
[[22193,[153,127,-134,108,38,0],[-7173,18008]],
 [22193,[233,209,-91,187,164,0],[7173,18008]]],
[[22523,[158,59,-141,52,24,0],[-8068,4064]],
 [22523,[122,107,-149,52,28,0],[-8068,4064]]],
[[22631,[235,197,-95,191,146,0],[-7611,14560]],
 [22631,[347,339,-64,330,292,0],[7611,14560]]],
[[22673,[157,129,-137,117,32,0],[-8555,21938]],
 [22673,[333,295,-68,294,266,0],[8555,21938]]],
[[22687,[149,121,-138,96,36,0],[7568,14112]],
 [22687,[237,199,-93,182,161,0],[-7568,14112]]],
[[22789,[139,92,-147,54,30,0],[-11138,4392]],
 [22789,[133,99,-148,54,30,0],[11138,4392]]],
[[22811,[121,69,-164,26,0,0],[-576,1352]],
 [22811,[127,75,-158,30,14,0],[576,1352]]],
[[22849,[133,113,-145,69,32,0],[-8550,7154]],
 [22849,[139,119,-139,63,56,0],[8550,7154]]],
[[22977,[193,169,-113,153,96,0],[-9401,12897]],
 [22977,[335,320,-67,306,282,0],[9401,12897]]],
[[23227,[221,184,-103,176,126,0],[-7532,2898]],
 [23227,[213,201,-100,160,154,0],[-7532,2898]]],
[[23275,[174,122,-128,105,63,0],[5991,16758]],
 [23275,[187,117,-121,93,90,0],[5991,16758]]],
[[23279,[142,97,-147,60,32,0],[495,5408]],
 [23279,[179,55,-130,52,52,0],[495,5408]]],
[[23321,[230,224,-96,207,151,0],[-1868,22144]],
 [23321,[233,227,-93,199,168,0],[1868,22144]]],
[[23909,[167,143,-137,133,40,0],[3836,4029]],
 [23909,[187,163,-117,128,105,0],[-3836,4029]]],
[[24103,[167,79,-144,78,24,0],[4345,9576]],
 [24103,[142,131,-141,78,54,0],[4345,9576]]],
[[24149,[258,232,-92,225,173,0],[-780,10811]],
 [24149,[379,358,-63,350,324,0],[780,10811]]],
[[24209,[155,113,-147,97,24,0],[-8551,15314]],
 [24209,[170,128,-132,99,67,0],[8551,15314]]],
[[24481,[139,137,-144,90,42,0],[-320,12168]],
 [24481,[199,80,-123,78,78,0],[320,12168]]],
[[24541,[169,127,-133,84,79,0],[-7823,13322]],
 [24541,[327,309,-74,302,260,0],[7823,13322]]],
[[24583,[148,146,-146,121,27,0],[-8144,24206]],
 [24583,[329,328,-71,294,292,0],[8144,24206]]],
[[24725,[167,111,-139,84,55,0],[-5243,10922]],
 [24725,[323,309,-76,306,250,0],[5243,10922]]],
[[24839,[185,171,-133,169,54,0],[-9664,19863]],
 [24839,[213,181,-113,170,111,0],[-9664,19863]]],
[[24839,[187,173,-131,170,59,0],[9488,19863]],
 [24839,[214,182,-112,169,115,0],[9488,19863]]],
[[24871,[177,174,-139,172,40,0],[-3110,23737]],
 [24871,[226,185,-107,172,132,0],[3110,23737]]],
[[24871,[167,137,-137,113,54,0],[-677,19166]],
 [24871,[327,324,-73,304,274,0],[677,19166]]],
[[24893,[131,125,-153,75,28,0],[8818,8618]],
 [24893,[177,91,-137,68,63,0],[8818,8618]]],
[[25127,[124,82,-170,25,11,0],[5203,942]],
 [25127,[550,547,-45,534,518,0],[5203,942]]],
[[25127,[121,103,-165,45,14,0],[4019,3182]],
 [25127,[161,59,-153,46,21,0],[4019,3182]]],
[[25127,[125,107,-161,46,25,0],[7547,3182]],
 [25127,[164,62,-150,45,31,0],[7547,3182]]],
[[25183,[149,61,-162,42,6,0],[-11804,3096]],
 [25183,[124,113,-159,42,36,0],[-11804,3096]]],
[[25739,[177,107,-145,106,33,0],[7918,17654]],
 [25739,[192,122,-130,103,81,0],[-7918,17654]]],
[[25879,[181,122,-135,84,84,0],[-4985,14112]],
 [25879,[155,151,-138,84,84,0],[4985,14112]]],
[[25897,[142,135,-151,90,36,0],[5794,12312]],
 [25897,[183,100,-139,90,54,0],[-5794,12312]]],
[[26001,[179,116,-139,96,60,0],[-85,14112]],
 [26001,[208,85,-125,84,84,0],[85,14112]]],
[[26273,[153,147,-159,133,8,0],[-2941,7105]],
 [26273,[192,186,-120,133,125,0],[-2941,7105]]],
[[26293,[193,173,-131,163,72,0],[-9321,13741]],
 [26293,[205,185,-119,159,112,0],[9321,13741]]],
[[26309,[147,82,-167,60,2,0],[12775,6968]],
 [26309,[179,73,-146,68,38,0],[12775,6968]]],
[[26309,[159,94,-155,68,30,0],[-1438,6968]],
 [26309,[183,77,-142,60,58,0],[-1438,6968]]],
[[26411,[134,113,-167,76,4,0],[6742,10976]],
 [26411,[194,89,-135,76,72,0],[-6742,10976]]],
[[26599,[203,203,-128,198,80,0],[-8150,6330]],
 [26599,[226,205,-115,198,118,0],[-8150,6330]]],
[[26741,[224,212,-118,209,109,0],[12026,12080]],
 [26741,[236,224,-106,199,155,0],[12026,12080]]],
[[26933,[241,187,-110,178,140,0],[-1698,25795]],
 [26933,[517,515,-52,514,466,0],[-1698,25795]]],
[[26973,[154,154,-158,135,15,0],[2119,5877]],
 [26973,[389,383,-67,357,348,0],[-2119,5877]]],
[[27125,[187,144,-143,140,48,0],[1046,3243]],
 [27125,[221,144,-121,132,112,0],[1046,3243]]],
[[27359,[207,183,-123,157,110,0],[-8333,11599]],
 [27359,[241,151,-113,142,137,0],[-8333,11599]]],
[[27455,[161,111,-163,99,10,0],[-2743,17822]],
 [27455,[347,332,-77,316,286,0],[-2743,17822]]],
[[27521,[212,166,-128,161,89,0],[8868,11505]],
 [27521,[362,347,-75,340,294,0],[-8868,11505]]],
[[27563,[170,65,-159,52,24,0],[7082,4064]],
 [27563,[134,113,-167,52,28,0],[7082,4064]]],
[[27625,[192,137,-141,130,58,0],[-7114,25448]],
 [27625,[193,146,-137,130,72,0],[7114,25448]]],
[[27783,[118,118,-176,57,3,0],[-5720,6174]],
 [27783,[191,65,-145,57,54,0],[5720,6174]]],
[[27875,[387,327,-72,326,316,0],[3597,11107]],
 [27875,[523,513,-53,509,474,0],[-3597,11107]]],
[[28379,[171,171,-165,170,7,0],[-335,27139]],
 [28379,[223,223,-113,170,163,0],[-335,27139]]],
[[28431,[166,121,-155,84,48,0],[14080,10656]],
 [28431,[239,233,-109,198,165,0],[-14080,10656]]],
[[28525,[129,117,-173,53,20,0],[13211,4298]],
 [28525,[1188,1178,-24,1177,1165,0],[-13211,4298]]],
[[28649,[191,101,-147,88,57,0],[474,11954]],
 [28649,[177,119,-151,88,57,0],[-474,11954]]],
[[28701,[209,197,-133,189,84,0],[5882,25101]],
 [28701,[263,173,-109,171,156,0],[5882,25101]]],
[[28771,[177,141,-158,134,26,0],[-1579,1525]],
 [28771,[178,173,-143,142,66,0],[-1579,1525]]],
[[28861,[130,88,-184,27,7,0],[1893,1178]],
 [28861,[143,79,-179,28,15,0],[-1893,1178]]],
[[28955,[221,217,-119,185,134,0],[-2748,25827]],
 [28955,[251,191,-113,175,154,0],[-2748,25827]]],
[[28979,[162,97,-167,72,20,0],[12851,8288]],
 [28979,[174,109,-155,68,60,0],[-12851,8288]]],
[[29179,[143,73,-183,30,3,0],[-13702,1638]],
 [29179,[494,469,-59,468,436,0],[-13702,1638]]],
[[29323,[199,185,-137,165,82,0],[-99,11515]],
 [29323,[373,361,-76,336,322,0],[99,11515]]],
[[29327,[245,221,-112,184,170,0],[6449,4298]],
 [29327,[470,436,-62,425,419,0],[-6449,4298]]],
[[29437,[179,127,-161,121,24,0],[-9825,24626]],
 [29437,[194,162,-138,121,97,0],[-9825,24626]]],
[[29731,[165,150,-167,134,14,0],[-641,2821]],
 [29731,[203,170,-137,146,90,0],[-641,2821]]],
[[29731,[183,168,-149,146,56,0],[-2282,2821]],
 [29731,[209,176,-131,134,120,0],[-2282,2821]]],
[[29819,[201,96,-147,88,62,0],[-3707,12264]],
 [29819,[196,103,-149,88,62,0],[3707,12264]]],
[[29899,[191,139,-154,134,42,0],[7617,28184]],
 [29899,[209,157,-136,132,98,0],[-7617,28184]]],
[[30317,[275,229,-109,223,172,0],[-12633,21280]],
 [30317,[403,393,-74,384,338,0],[12633,21280]]],
[[30419,[137,113,-179,46,25,0],[-2970,3182]],
 [30419,[176,68,-168,45,31,0],[-2970,3182]]],
[[30445,[251,192,-119,180,144,0],[-11188,23987]],
 [30445,[447,393,-68,386,386,0],[-11188,23987]]],
[[30625,[186,144,-164,143,23,0],[-13201,4753]],
 [30625,[246,144,-124,133,133,0],[-13201,4753]]],
[[30797,[176,114,-172,109,9,0],[-1744,21962]],
 [30797,[185,149,-153,121,60,0],[1744,21962]]],
[[30797,[164,128,-174,109,9,0],[12235,21962]],
 [30797,[197,135,-151,121,60,0],[-12235,21962]]],
[[30853,[160,128,-166,75,47,0],[-5850,8618]],
 [30853,[163,131,-163,68,63,0],[5850,8618]]],
[[31033,[163,109,-172,72,28,0],[-14690,7904]],
 [31033,[157,116,-173,72,28,0],[14690,7904]]],
[[31157,[131,115,-187,55,4,0],[-13025,5642]],
 [31157,[169,103,-169,59,44,0],[-13025,5642]]],
[[31603,[196,120,-160,117,39,0],[-2443,21294]],
 [31603,[224,120,-140,111,93,0],[-2443,21294]]],
[[31603,[215,180,-141,166,88,0],[10619,9781]],
 [31603,[235,180,-129,152,134,0],[10619,9781]]],
[[31603,[240,232,-124,213,135,0],[-14866,6472]],
 [31603,[248,240,-116,195,177,0],[-14866,6472]]],
[[31717,[165,111,-172,64,40,0],[-10197,6272]],
 [31717,[1093,1076,-29,1074,1066,0],[-10197,6272]]],
[[31981,[216,82,-148,81,69,0],[1066,11466]],
 [31981,[192,116,-158,81,69,0],[-1066,11466]]],
[[32075,[191,187,-149,155,74,0],[2617,3987]],
 [32075,[227,167,-137,151,106,0],[2617,3987]]],
[[32227,[243,205,-129,194,125,0],[-12962,25795]],
 [32227,[397,388,-79,372,334,0],[12962,25795]]],
[[32319,[215,185,-145,174,81,0],[-14593,13167]],
 [32319,[397,373,-80,360,330,0],[14593,13167]]],
[[32319,[481,481,-65,450,447,0],[-10130,14490]],
 [32319,[578,569,-55,546,546,0],[10130,14490]]],
[[32341,[173,135,-164,72,72,0],[-13982,10368]],
 [32341,[161,148,-165,72,72,0],[13982,10368]]],
[[32449,[188,147,-167,138,30,0],[-7454,31608]],
 [32449,[290,250,-110,241,189,0],[7454,31608]]],
[[32477,[217,93,-149,84,77,0],[13392,13034]],
 [32477,[377,347,-86,346,292,0],[-13392,13034]]],
[[32483,[185,181,-155,149,62,0],[7105,1131]],
 [32483,[223,163,-141,147,98,0],[7105,1131]]],
[[32519,[211,161,-151,154,67,0],[8381,3255]],
 [32519,[247,149,-131,143,122,0],[-8381,3255]]],
[[32643,[223,211,-131,162,141,0],[5584,13923]],
 [32643,[410,365,-79,354,342,0],[-5584,13923]]],
[[32729,[193,127,-162,108,50,0],[-10573,17528]],
 [32729,[185,155,-156,102,82,0],[10573,17528]]],
[[32879,[167,114,-181,88,12,0],[6417,13664]],
 [32879,[193,93,-170,92,24,0],[6417,13664]]],
[[32899,[177,141,-164,92,62,0],[-13472,13208]],
 [32899,[160,159,-165,92,62,0],[13472,13208]]],
[[33107,[182,71,-177,52,24,0],[-2811,4064]],
 [33107,[146,119,-185,52,28,0],[-2811,4064]]],
[[33129,[191,89,-169,72,39,0],[9392,7794]],
 [33129,[386,341,-85,330,312,0],[9392,7794]]],
[[33137,[349,349,-93,341,264,0],[5361,26221]],
 [33137,[488,463,-67,442,442,0],[5361,26221]]],
[[33227,[199,179,-161,170,47,0],[13290,13011]],
 [33227,[398,383,-81,360,340,0],[13290,13011]]],
[[33247,[239,181,-137,174,109,0],[-8517,13135]],
 [33247,[226,202,-136,171,121,0],[8517,13135]]],
[[33247,[223,199,-139,174,109,0],[15539,13135]],
 [33247,[242,184,-134,171,121,0],[-15539,13135]]],
[[33291,[226,226,-140,213,99,0],[6925,1584]],
 [33291,[269,215,-121,201,162,0],[-6925,1584]]],
[[33403,[187,131,-175,125,18,0],[-11391,27398]],
 [33403,[217,161,-145,123,110,0],[11391,27398]]],
[[33439,[173,99,-183,79,10,0],[9025,11102]],
 [33439,[167,149,-167,75,74,0],[-9025,11102]]],
[[33649,[225,216,-145,208,88,0],[-14359,31759]],
 [33649,[261,216,-125,200,152,0],[-14359,31759]]],
[[33757,[207,201,-151,181,76,0],[-3855,15805]],
 [33757,[405,386,-81,358,352,0],[-3855,15805]]],
[[33853,[217,107,-154,92,78,0],[12692,14744]],
 [33853,[209,118,-157,92,78,0],[-12692,14744]]],
[[34031,[155,102,-193,60,4,0],[11460,6752]],
 [34031,[193,93,-170,60,56,0],[11460,6752]]],
[[34057,[197,193,-149,144,97,0],[-11667,32354]],
 [34057,[404,367,-83,346,342,0],[-11667,32354]]],
[[34099,[171,103,-184,72,18,0],[-1387,8424]],
 [34099,[213,73,-160,72,54,0],[1387,8424]]],
[[34263,[191,71,-178,66,18,0],[-15448,6984]],
 [34263,[157,136,-179,66,48,0],[15448,6984]]],
[[34425,[256,244,-134,243,123,0],[-4901,19728]],
 [34425,[268,256,-122,237,165,0],[-4901,19728]]],
[[34541,[196,133,-165,102,62,0],[16405,15848]],
 [34541,[191,149,-162,90,88,0],[-16405,15848]]],
[[34913,[155,123,-193,81,4,0],[-13680,12506]],
 [34913,[170,138,-178,91,39,0],[13680,12506]]],
[[34969,[200,196,-174,195,27,0],[-1845,32009]],
 [34969,[290,196,-120,183,183,0],[-1845,32009]]],
[[35111,[293,261,-115,237,202,0],[-16645,27976]],
 [35111,[313,241,-111,225,218,0],[-16645,27976]]],
[[35171,[259,256,-129,240,146,0],[-6663,17410]],
 [35171,[265,262,-123,234,170,0],[6663,17410]]],
[[35321,[225,192,-153,184,80,0],[-4573,15751]],
 [35321,[255,192,-135,176,136,0],[-4573,15751]]],
[[35321,[256,244,-134,235,131,0],[901,12560]],
 [35321,[268,256,-122,221,181,0],[901,12560]]],
[[35449,[211,191,-151,152,99,0],[11777,265]],
 [35449,[409,380,-85,362,342,0],[11777,265]]],
[[35525,[209,144,-169,142,42,0],[-6149,31928]],
 [35525,[247,144,-143,138,110,0],[-6149,31928]]],
[[35525,[256,244,-134,233,133,0],[13724,10928]],
 [35525,[268,256,-122,215,187,0],[13724,10928]]],
[[35683,[209,145,-162,120,72,0],[14844,21888]],
 [35683,[271,267,-123,242,173,0],[-14844,21888]]],
[[35721,[256,244,-134,231,135,0],[-11462,9360]],
 [35721,[268,256,-122,201,201,0],[-11462,9360]]],
[[35721,[242,212,-136,159,159,0],[-11749,14841]],
 [35721,[430,379,-83,378,348,0],[11749,14841]]],
[[35749,[185,115,-186,102,12,0],[10989,18648]],
 [35749,[230,111,-155,108,78,0],[10989,18648]]],
[[35749,[193,123,-178,108,30,0],[-7160,18648]],
 [35749,[232,113,-153,102,90,0],[-7160,18648]]],
[[35903,[188,74,-186,57,19,0],[-2616,5054]],
 [35903,[155,125,-191,58,31,0],[-2616,5054]]],
[[36043,[179,167,-179,138,29,0],[-16483,31766]],
 [36043,[781,757,-46,748,744,0],[16483,31766]]],
[[36045,[251,197,-139,180,129,0],[11462,15597]],
 [36045,[229,229,-137,165,156,0],[-11462,15597]]],
[[36215,[149,119,-197,46,25,0],[-16367,3182]],
 [36215,[188,74,-186,45,31,0],[-16367,3182]]],
[[36233,[166,73,-201,26,12,0],[-8107,1016]],
 [36233,[148,97,-205,26,14,0],[-8107,1016]]],
[[36253,[212,43,-171,42,42,0],[43,3528]],
 [36253,[153,124,-193,42,42,0],[-43,3528]]],
[[36281,[265,239,-131,221,152,0],[11464,4144]],
 [36281,[425,423,-82,396,370,0],[-11464,4144]]],
[[36629,[268,258,-128,233,165,0],[13786,12880]],
 [36629,[271,261,-125,227,180,0],[-13786,12880]]],
[[36745,[196,149,-169,98,78,0],[-11646,16088]],
 [36745,[1312,1294,-28,1293,1285,0],[11646,16088]]],
[[36761,[282,256,-128,249,161,0],[-13565,22144]],
 [36761,[291,265,-119,224,213,0],[13565,22144]]],
[[36947,[178,148,-182,107,37,0],[8502,17718]],
 [36947,[229,109,-161,107,70,0],[8502,17718]]],
[[37169,[177,97,-197,72,5,0],[86,9698]],
 [37169,[161,151,-185,80,47,0],[-86,9698]]],
[[37179,[166,127,-197,90,6,0],[10894,15192]],
 [37179,[179,167,-172,90,84,0],[-10894,15192]]],
[[37189,[213,167,-174,166,40,0],[-15980,7843]],
 [37189,[239,193,-148,170,114,0],[15980,7843]]],
[[37291,[221,129,-165,115,70,0],[-5319,20150]],
 [37291,[190,176,-166,105,95,0],[5319,20150]]],
[[37291,[185,171,-171,115,70,0],[-2390,20150]],
 [37291,[226,134,-160,105,95,0],[2390,20150]]],
[[37453,[203,157,-179,148,33,0],[-12053,36218]],
 [37453,[413,394,-89,382,336,0],[12053,36218]]],
[[37525,[193,161,-177,132,45,0],[16254,27018]],
 [37525,[251,129,-149,123,108,0],[16254,27018]]],
[[37703,[175,119,-190,58,46,0],[2065,5624]],
 [37703,[219,59,-172,54,52,0],[2065,5624]]],
[[37789,[198,178,-190,177,9,0],[-7707,21845]],
 [37789,[251,231,-137,177,168,0],[-7707,21845]]],
[[37975,[221,144,-171,142,52,0],[-11479,30968]],
 [37975,[247,144,-153,140,98,0],[-11479,30968]]],
[[37975,[264,256,-136,237,147,0],[-1474,9928]],
 [37975,[272,264,-128,225,183,0],[-1474,9928]]],
[[38153,[175,139,-187,80,47,0],[-8568,9698]],
 [38153,[179,143,-183,72,67,0],[8568,9698]]],
[[38293,[220,202,-172,199,51,0],[14920,25813]],
 [38293,[256,238,-136,181,177,0],[-14920,25813]]],
[[38345,[227,173,-158,136,106,0],[7072,30632]],
 [38345,[257,136,-149,134,110,0],[7072,30632]]],
[[38353,[219,218,-155,180,102,0],[2119,10535]],
 [38353,[284,163,-135,162,150,0],[2119,10535]]],
[[38475,[191,86,-193,60,24,0],[-15268,5472]],
 [38475,[154,139,-197,60,36,0],[15268,5472]]],
[[38675,[201,93,-192,92,10,0],[7719,15288]],
 [38675,[216,129,-171,92,82,0],[-7719,15288]]],
[[38675,[209,101,-184,98,28,0],[-16556,15288]],
 [38675,[214,127,-173,98,70,0],[16556,15288]]],
[[38675,[277,226,-139,224,140,0],[197,38157]],
 [38675,[317,197,-122,196,196,0],[197,38157]]],
[[38693,[214,202,-162,167,87,0],[497,3165]],
 [38693,[433,395,-88,376,364,0],[497,3165]]],
[[38729,[181,131,-191,89,32,0],[2492,12194]],
 [38729,[229,89,-169,88,61,0],[2492,12194]]],
[[38825,[349,339,-107,320,261,0],[-2327,18702]],
 [38825,[371,321,-103,304,285,0],[2327,18702]]],
[[38857,[229,193,-157,160,105,0],[16474,793]],
 [38857,[257,167,-149,155,120,0],[16474,793]]],
[[39071,[271,239,-137,215,158,0],[-4236,35367]],
 [39071,[293,221,-131,205,178,0],[-4236,35367]]],
[[39181,[202,174,-174,137,65,0],[-3516,28178]],
 [39181,[223,155,-169,137,72,0],[-3516,28178]]],
[[39239,[212,47,-185,46,28,0],[893,3224]],
 [39239,[186,91,-197,42,38,0],[893,3224]]],
[[39263,[461,443,-83,418,403,0],[11107,23254]],
 [39263,[580,557,-67,544,526,0],[-11107,23254]]],
[[39275,[298,249,-131,246,170,0],[-19537,16642]],
 [39275,[316,241,-123,230,204,0],[19537,16642]]],
[[39319,[212,47,-185,38,36,0],[4653,2744]],
 [39319,[184,89,-199,38,36,0],[4653,2744]]],
[[39563,[473,425,-83,409,406,0],[10511,15622]],
 [39563,[841,807,-47,803,798,0],[-10511,15622]]],
[[39587,[245,227,-161,226,85,0],[-7353,38595]],
 [39587,[271,253,-135,215,174,0],[7353,38595]]],
[[39767,[237,166,-167,164,72,0],[-8559,777]],
 [39767,[226,193,-163,164,92,0],[8559,777]]],
[[39881,[197,143,-193,128,19,0],[-13187,28626]],
 [39881,[183,183,-183,136,47,0],[13187,28626]]],
[[39925,[197,133,-193,116,21,0],[13682,22922]],
 [39925,[236,142,-164,109,105,0],[13682,22922]]],
[[39937,[218,79,-183,78,36,0],[3397,9144]],
 [39937,[164,151,-195,78,42,0],[3397,9144]]],
[[40009,[170,109,-205,42,32,0],[2205,2888]],
 [40009,[216,45,-185,38,38,0],[2205,2888]]],
[[40211,[185,107,-201,73,18,0],[2094,8678]],
 [40211,[159,137,-205,73,18,0],[-2094,8678]]],
[[40255,[379,347,-103,318,305,0],[20096,33298]],
 [40255,[518,491,-77,482,450,0],[-20096,33298]]],
[[40477,[144,120,-218,41,5,0],[-2679,3002]],
 [40477,[169,111,-207,44,29,0],[2679,3002]]],
[[40579,[213,137,-188,132,30,0],[-7863,28728]],
 [40579,[235,150,-169,138,78,0],[7863,28728]]],
[[40759,[202,114,-192,89,35,0],[-19404,12062]],
 [40759,[211,123,-183,86,65,0],[19404,12062]]],
[[40809,[218,92,-184,75,51,0],[-17494,8802]],
 [40809,[208,106,-188,75,51,0],[17494,8802]]],
[[40817,[167,125,-211,80,1,0],[3611,12642]],
 [40817,[193,151,-185,80,79,0],[-3611,12642]]],
[[40817,[290,278,-134,259,175,0],[13425,23128]],
 [40817,[491,428,-83,424,412,0],[-13425,23128]]],
[[40939,[277,257,-142,242,150,0],[3095,7650]],
 [40939,[287,267,-132,220,202,0],[-3095,7650]]],
[[40967,[179,127,-199,61,46,0],[-17497,6062]],
 [40967,[412,391,-97,374,332,0],[-17497,6062]]],
[[41239,[361,333,-114,332,248,0],[-12934,13828]],
 [41239,[359,346,-109,312,284,0],[-12934,13828]]],
[[41243,[212,134,-194,133,19,0],[15410,31046]],
 [41243,[234,178,-164,131,117,0],[15410,31046]]],
[[41249,[349,327,-116,318,242,0],[2661,468]],
 [41249,[359,326,-111,298,276,0],[2661,468]]],
[[41287,[334,296,-122,289,219,0],[-5604,12521]],
 [41287,[493,464,-83,456,418,0],[5604,12521]]],
[[41393,[205,100,-201,98,6,0],[18800,18104]],
 [41393,[211,157,-178,98,92,0],[-18800,18104]]],
[[41477,[583,537,-71,533,516,0],[3631,11433]],
 [41477,[663,661,-62,654,608,0],[-3631,11433]]],
[[41519,[167,164,-201,108,22,0],[17039,19544]],
 [41519,[179,176,-189,114,52,0],[-17039,19544]]],
[[41641,[309,252,-133,244,184,0],[12165,13710]],
 [41641,[295,273,-132,236,200,0],[-12165,13710]]],
[[41699,[305,305,-135,301,174,0],[-6976,11909]],
 [41699,[505,457,-82,440,440,0],[6976,11909]]],
[[41819,[225,207,-183,203,46,0],[7851,26155]],
 [41819,[262,244,-146,203,157,0],[-7851,26155]]],
[[41891,[151,99,-227,18,5,0],[-252,518]],
 [41891,[154,102,-224,17,15,0],[252,518]]],
[[41975,[208,148,-188,119,49,0],[5158,21462]],
 [41975,[946,942,-44,929,915,0],[-5158,21462]]],
[[41993,[233,89,-179,76,67,0],[-16539,10346]],
 [41993,[439,380,-95,368,356,0],[-16539,10346]]],
[[42101,[289,265,-141,252,161,0],[-20629,13504]],
 [42101,[292,268,-138,249,173,0],[20629,13504]]],
[[42107,[190,188,-194,155,29,0],[17975,40742]],
 [42107,[431,428,-93,384,382,0],[-17975,40742]]],
[[42203,[200,80,-204,57,19,0],[-14369,5054]],
 [42203,[167,131,-209,58,31,0],[-14369,5054]]],
[[42217,[242,117,-173,108,78,0],[-1150,18648]],
 [42217,[346,230,-122,229,225,0],[1150,18648]]],
[[42319,[205,141,-193,114,39,0],[7443,20142]],
 [42319,[191,157,-195,114,39,0],[-7443,20142]]],
[[42409,[302,292,-140,291,163,0],[-4741,407]],
 [42409,[319,309,-123,257,248,0],[4741,407]]],
[[42427,[219,54,-193,46,34,0],[8640,3416]],
 [42427,[153,141,-212,44,38,0],[8640,3416]]],
[[42503,[245,213,-163,189,106,0],[-5555,11343]],
 [42503,[271,199,-153,183,134,0],[-5555,11343]]],
[[42525,[173,167,-202,114,24,0],[-10057,21672]],
 [42525,[211,172,-179,114,90,0],[10057,21672]]],
[[42525,[214,163,-191,150,36,0],[13963,36792]],
 [42525,[251,176,-163,150,114,0],[-13963,36792]]],
[[42533,[178,79,-219,26,12,0],[-17202,1016]],
 [42533,[160,103,-223,26,14,0],[-17202,1016]]],
[[42617,[227,163,-181,148,61,0],[-6312,33194]],
 [42617,[214,206,-170,143,107,0],[6312,33194]]],
[[42679,[435,382,-97,360,360,0],[14172,3126]],
 [42679,[461,457,-89,427,402,0],[-14172,3126]]],
[[42959,[165,88,-227,24,2,0],[11803,1064]],
 [42959,[205,37,-208,26,8,0],[11803,1064]]],
[[43379,[221,170,-195,168,28,0],[4901,5229]],
 [43379,[289,169,-150,168,140,0],[4901,5229]]],
[[43693,[215,121,-200,114,22,0],[-3533,21944]],
 [43693,[216,167,-183,118,82,0],[-3533,21944]]],
[[43741,[227,167,-191,164,39,0],[20387,301]],
 [43741,[234,212,-168,169,109,0],[20387,301]]],
[[43783,[285,223,-153,221,134,0],[-4089,30583]],
 [43783,[277,253,-145,199,186,0],[-4089,30583]]],
[[43961,[188,161,-205,122,22,0],[-6439,25368]],
 [43961,[206,179,-187,130,68,0],[6439,25368]]],
[[44113,[174,153,-209,92,26,0],[-5760,13496]],
 [44113,[178,157,-205,94,36,0],[5760,13496]]],
[[44117,[184,137,-209,86,26,0],[-18549,11672]],
 [44117,[237,94,-185,86,60,0],[-18549,11672]]],
[[44233,[241,215,-173,195,88,0],[15304,12985]],
 [44233,[457,439,-94,414,388,0],[-15304,12985]]],
[[44363,[211,171,-194,144,44,0],[9640,32672]],
 [44363,[347,269,-127,262,227,0],[-9640,32672]]],
[[44443,[216,111,-197,80,50,0],[-12314,9800]],
 [44443,[237,89,-186,70,70,0],[-12314,9800]]],
[[44783,[215,183,-193,159,46,0],[19525,40166]],
 [44783,[251,179,-173,163,94,0],[19525,40166]]],
[[44783,[224,192,-184,163,69,0],[13119,40166]],
 [44783,[256,184,-168,159,113,0],[13119,40166]]],
[[44897,[265,207,-161,176,135,0],[13054,5985]],
 [44897,[275,201,-157,160,159,0],[-13054,5985]]],
[[44935,[241,221,-166,168,128,0],[10869,1273]],
 [44935,[274,189,-159,152,152,0],[-10869,1273]]],
[[45071,[267,185,-163,154,135,0],[16324,42302]],
 [45071,[1502,1484,-30,1483,1473,0],[16324,42302]]],
[[45161,[213,103,-209,96,11,0],[21171,16562]],
 [45161,[217,145,-193,104,65,0],[-21171,16562]]],
[[45325,[288,284,-146,255,171,0],[-21157,10672]],
 [45325,[292,288,-142,249,189,0],[-21157,10672]]],
[[45413,[216,60,-210,59,7,0],[3180,6234]],
 [45413,[179,143,-211,59,52,0],[3180,6234]]],
[[45619,[214,39,-213,38,2,0],[1443,2744]],
 [45619,[186,81,-227,38,2,0],[1443,2744]]],
[[45619,[229,201,-184,174,72,0],[15798,245]],
 [45619,[239,211,-174,174,102,0],[-15798,245]]],
[[45629,[187,65,-229,19,4,0],[-126,602]],
 [45629,[189,67,-227,20,9,0],[126,602]]],
[[45655,[371,261,-123,259,250,0],[5742,38352]],
 [45655,[799,764,-57,756,750,0],[-5742,38352]]],
[[45661,[251,229,-172,210,98,0],[22049,20587]],
 [45661,[300,213,-149,182,182,0],[22049,20587]]],
[[45667,[159,119,-231,37,10,0],[13281,2198]],
 [45667,[422,421,-103,390,350,0],[13281,2198]]],
[[45691,[248,151,-181,140,78,0],[-15820,29528]],
 [45691,[209,196,-187,140,78,0],[15820,29528]]],
[[45707,[206,83,-213,52,24,0],[14686,4064]],
 [45707,[170,131,-221,52,28,0],[14686,4064]]],
[[45743,[191,146,-209,94,34,0],[-18813,13592]],
 [45743,[1009,1003,-45,990,977,0],[18813,13592]]],
[[45757,[225,169,-189,137,68,0],[-2876,28154]],
 [45757,[459,417,-98,392,386,0],[2876,28154]]],
[[45833,[216,60,-210,49,17,0],[-17453,3714]],
 [45833,[169,133,-221,49,32,0],[-17453,3714]]],
[[45851,[316,203,-145,202,172,0],[6293,25437]],
 [45851,[285,242,-151,198,178,0],[-6293,25437]]],
[[45893,[216,60,-210,47,19,0],[-13913,3354]],
 [45893,[167,131,-223,47,28,0],[-13913,3354]]],
[[45899,[305,271,-145,253,178,0],[-5336,9520]],
 [45899,[481,477,-92,450,416,0],[5336,9520]]],
[[45967,[223,119,-204,114,24,0],[10558,21672]],
 [45967,[197,184,-195,120,66,0],[10558,21672]]],
[[45967,[235,131,-192,120,54,0],[19023,21672]],
 [45967,[203,190,-189,114,90,0],[19023,21672]]],
[[45989,[163,127,-227,43,20,0],[-8249,2778]],
 [45989,[216,60,-210,43,23,0],[-8249,2778]]],
[[45991,[413,403,-107,378,331,0],[-10456,24699]],
 [45991,[559,551,-80,520,510,0],[10456,24699]]],
[[46001,[149,131,-234,46,0,0],[-13347,4232]],
 [46001,[181,128,-217,46,46,0],[-13347,4232]]],
[[46073,[157,121,-233,37,8,0],[-3293,2274]],
 [46073,[216,60,-210,37,29,0],[-3293,2274]]],
[[46123,[299,207,-152,192,162,0],[1356,17885]],
 [46123,[361,321,-123,281,278,0],[-1356,17885]]],
[[46127,[320,224,-144,223,177,0],[10528,37047]],
 [46127,[487,454,-93,432,416,0],[10528,37047]]],
[[46181,[289,181,-159,176,135,0],[-4551,4701]],
 [46181,[257,225,-163,160,159,0],[-4551,4701]]],
[[46189,[211,151,-211,139,12,0],[20923,35594]],
 [46189,[257,175,-173,148,111,0],[-20923,35594]]],
[[46189,[230,96,-200,93,33,0],[18144,13338]],
 [46189,[250,96,-184,87,75,0],[18144,13338]]],
[[46189,[245,144,-185,132,72,0],[-14151,26208]],
 [46189,[259,144,-175,120,108,0],[-14151,26208]]],
[[46189,[288,284,-146,243,183,0],[21319,3760]],
 [46189,[292,288,-142,225,213,0],[21319,3760]]],
[[46207,[229,193,-199,189,34,0],[-15873,14695]],
 [46207,[486,429,-95,428,392,0],[15873,14695]]],
[[46573,[230,85,-201,78,36,0],[-17418,9144]],
 [46573,[176,157,-213,78,42,0],[-17418,9144]]],
[[46781,[299,261,-151,244,165,0],[4923,46221]],
 [46781,[479,477,-94,450,412,0],[-4923,46221]]],
[[46903,[363,274,-129,272,236,0],[20824,37170]],
 [46903,[5211,5206,-9,5204,5204,0],[20824,37170]]],
[[46949,[213,127,-206,90,44,0],[14425,12152]],
 [46949,[229,120,-197,86,66,0],[-14425,12152]]],
[[46953,[269,251,-157,192,171,0],[10895,19593]],
 [46953,[490,439,-95,426,408,0],[-10895,19593]]],
[[47047,[201,150,-211,112,28,0],[-10305,20384]],
 [47047,[197,193,-194,112,84,0],[10305,20384]]],
[[47125,[223,113,-204,90,42,0],[-3971,12168]],
 [47125,[173,171,-212,90,42,0],[-3971,12168]]],
[[47125,[231,121,-196,78,78,0],[-11896,12168]],
 [47125,[181,179,-204,78,78,0],[-11896,12168]]],
[[47251,[181,143,-221,85,18,0],[-2772,12038]],
 [47251,[184,146,-218,87,25,0],[2772,12038]]],
[[47399,[241,211,-191,202,59,0],[4254,17335]],
 [47399,[269,239,-163,202,143,0],[-4254,17335]]],
[[47509,[274,258,-166,243,123,0],[-149,41069]],
 [47509,[545,507,-87,505,460,0],[149,41069]]],
[[47761,[241,157,-193,144,61,0],[4892,31346]],
 [47761,[256,172,-178,129,121,0],[-4892,31346]]],
[[47771,[292,258,-158,243,149,0],[-8109,42315]],
 [47771,[493,468,-95,450,416,0],[8109,42315]]],
[[47837,[221,217,-211,211,16,0],[22517,34965]],
 [47837,[302,254,-150,211,195,0],[22517,34965]]],
[[47999,[212,86,-222,75,1,0],[-15588,11102]],
 [47999,[193,151,-213,86,45,0],[-15588,11102]]],
[[47999,[229,103,-205,86,41,0],[12564,11102]],
 [47999,[199,157,-207,75,74,0],[12564,11102]]],
[[48007,[193,173,-214,128,24,0],[7797,27776]],
 [48007,[242,157,-191,136,72,0],[-7797,27776]]],
[[48053,[262,199,-179,188,94,0],[-10420,4963]],
 [48053,[593,521,-81,517,516,0],[10420,4963]]],
[[48325,[227,124,-203,90,58,0],[-11694,12488]],
 [48325,[197,167,-206,80,78,0],[-11694,12488]]],
[[48793,[246,246,-178,211,103,0],[11405,18001]],
 [48793,[263,263,-161,188,177,0],[-11405,18001]]],
[[48841,[232,144,-210,143,23,0],[17424,35378]],
 [48841,[290,144,-168,133,133,0],[17424,35378]]],
[[48841,[246,180,-196,175,55,0],[14818,48050]],
 [48841,[294,180,-164,155,155,0],[14818,48050]]],
[[48841,[253,200,-189,192,72,0],[9436,7607]],
 [48841,[297,200,-161,168,168,0],[9436,7607]]],
[[48841,[266,240,-176,225,105,0],[-2410,27209]],
 [48841,[304,240,-154,195,195,0],[-2410,27209]]],
[[48841,[300,284,-158,273,153,0],[18516,14656]],
 [48841,[316,300,-142,237,237,0],[18516,14656]]],
[[49007,[212,86,-222,57,19,0],[20077,5054]],
 [49007,[179,137,-227,58,31,0],[20077,5054]]],
[[49007,[215,89,-219,58,27,0],[24037,5054]],
 [49007,[181,139,-225,57,38,0],[24037,5054]]],
[[49049,[172,109,-241,38,2,0],[-5760,2744]],
 [49049,[202,97,-225,38,36,0],[5760,2744]]],
[[49049,[293,269,-163,259,140,0],[3667,2744]],
 [49049,[307,283,-149,245,196,0],[3667,2744]]],
[[49049,[355,293,-137,287,224,0],[23204,38416]],
 [49049,[515,501,-94,492,430,0],[-23204,38416]]],
[[49111,[339,331,-136,300,234,0],[13097,1779]],
 [49111,[385,288,-127,276,270,0],[13097,1779]]],
[[49319,[169,127,-237,45,14,0],[-6874,3182]],
 [49319,[209,83,-225,46,21,0],[-6874,3182]]],
[[49319,[173,131,-233,46,25,0],[-3346,3182]],
 [49319,[212,86,-222,45,31,0],[-3346,3182]]],
[[49321,[173,168,-221,84,36,0],[-11414,10656]],
 [49321,[212,133,-213,84,48,0],[11414,10656]]],
[[49329,[205,127,-227,105,0,0],[9535,22050]],
 [49329,[248,152,-190,105,105,0],[-9535,22050]]],
[[49329,[233,137,-205,120,45,0],[16952,22050]],
 [49329,[235,157,-197,120,75,0],[-16952,22050]]],
[[49337,[190,85,-237,26,12,0],[20736,1016]],
 [49337,[172,109,-241,26,14,0],[20736,1016]]],
[[49343,[204,68,-232,37,3,0],[-11009,2534]],
 [49343,[220,64,-220,41,23,0],[11009,2534]]],
[[49451,[361,301,-136,296,230,0],[7953,45970]],
 [49451,[365,305,-132,274,264,0],[-7953,45970]]],
[[49571,[198,180,-210,119,49,0],[821,21462]],
 [49571,[263,125,-187,115,86,0],[-821,21462]]],
[[49621,[167,137,-236,54,14,0],[9245,4712]],
 [49621,[205,102,-225,56,26,0],[9245,4712]]],
[[49673,[191,147,-223,88,27,0],[-2373,12194]],
 [49673,[246,100,-200,89,57,0],[-2373,12194]]],
[[49913,[472,438,-104,423,383,0],[11959,27740]],
 [49913,[601,598,-81,576,542,0],[-11959,27740]]],
[[49975,[209,129,-224,102,12,0],[7711,18648]],
 [49975,[199,191,-204,108,78,0],[-7711,18648]]]
