[[41,41,-8,38,36,0],[25,23,-13,21,14,0]]
[[43,39,-31,27,24,0],[116,109,-13,108,104,0]]
[[35,19,-43,8,3,0],[36,20,-42,7,7,0]]
[[67,67,-27,63,44,0],[68,68,-26,61,49,0]]
[[59,26,-37,24,24,0],[73,61,-29,54,51,0]]
[[45,41,-47,39,0,0],[58,54,-34,39,39,0]]
[[63,59,-42,46,34,0],[53,49,-52,44,6,0]]
[[79,47,-44,42,40,0],[53,50,-59,42,2,0]]
[[80,69,-43,66,40,0],[99,99,-33,86,79,0]]
[[151,146,-23,138,136,0],[106,104,-32,97,81,0]]
[[75,54,-51,46,32,0],[79,49,-50,46,32,0]]
[[46,39,-71,14,0,0],[50,43,-67,16,10,0]]
[[53,31,-71,13,0,0],[72,14,-60,13,13,0]]
[[75,62,-61,60,16,0],[93,61,-50,60,44,0]]
[[153,145,-32,140,126,0],[79,65,-61,61,22,0]]
[[59,47,-71,19,16,0],[72,20,-70,19,3,0]]
[[63,58,-79,36,6,0],[110,110,-50,87,83,0]]
[[179,177,-34,168,154,0],[115,101,-53,95,68,0]]
[[127,119,-47,103,96,0],[113,63,-56,60,60,0]]
[[316,310,-20,307,299,0],[128,109,-49,106,82,0]]
[[109,59,-64,52,52,0],[89,72,-73,60,28,0]]
[[108,63,-69,56,46,0],[81,69,-84,56,10,0]]
[[106,105,-69,98,44,0],[131,97,-58,86,84,0]]
[[81,71,-87,58,7,0],[89,79,-79,63,26,0]]
[[239,209,-33,208,207,0],[116,71,-67,62,58,0]]
[[101,101,-68,72,62,0],[103,88,-73,78,40,0]]
[[215,212,-37,210,180,0],[160,130,-50,129,111,0]]
[[81,39,-92,14,14,0],[79,37,-94,16,6,0]]
[[71,59,-94,34,2,0],[92,47,-85,38,16,0]]
[[106,76,-76,59,47,0],[81,79,-89,59,12,0]]
[[83,43,-96,24,6,0],[97,33,-88,24,18,0]]
[[76,61,-97,26,14,0],[94,37,-93,26,12,0]]
[[206,199,-43,192,170,0],[116,94,-76,89,45,0]]
[[101,101,-81,84,37,0],[211,196,-43,182,182,0]]
[[209,197,-44,192,170,0],[107,85,-85,81,26,0]]
[[93,71,-94,58,12,0],[119,64,-79,58,46,0]]
[[85,85,-97,69,4,0],[213,195,-44,182,182,0]]
[[104,96,-86,81,33,0],[109,101,-81,81,48,0]]
[[136,98,-76,97,61,0],[219,214,-47,212,174,0]]
[[129,70,-83,60,56,0],[86,83,-105,60,4,0]]
[[77,77,-106,30,18,0],[88,61,-107,30,12,0]]
[[227,227,-46,210,198,0],[118,106,-92,105,27,0]]
[[152,144,-68,129,99,0],[144,136,-76,135,69,0]]
[[125,108,-87,106,40,0],[145,108,-75,104,74,0]]
[[134,116,-76,87,87,0],[226,223,-47,210,192,0]]
[[139,107,-79,93,74,0],[227,226,-49,218,186,0]]
[[250,217,-47,210,210,0],[131,131,-79,102,81,0]]
[[146,137,-79,130,74,0],[307,271,-39,270,269,0]]
[[145,118,-79,104,80,0],[190,160,-62,151,137,0]]
[[271,257,-44,254,230,0],[193,169,-61,161,140,0]]
[[125,109,-92,100,42,0],[141,108,-83,98,68,0]]
[[88,67,-115,26,14,0],[106,43,-111,26,12,0]]
[[125,109,-92,96,46,0],[133,100,-91,96,46,0]]
[[139,113,-86,106,60,0],[151,112,-79,94,90,0]]
[[206,190,-58,173,165,0],[284,271,-43,264,248,0]]
[[226,226,-54,215,183,0],[227,227,-53,208,193,0]]
[[128,74,-96,55,51,0],[109,93,-101,60,41,0]]
[[175,113,-74,112,102,0],[131,128,-95,122,42,0]]
[[137,89,-93,76,57,0],[131,83,-99,79,36,0]]
[[145,121,-89,113,64,0],[151,127,-83,104,91,0]]
[[92,47,-127,6,6,0],[79,58,-131,6,0,0]]
[[131,107,-94,80,64,0],[151,82,-89,80,64,0]]
[[134,116,-92,85,73,0],[127,109,-99,92,45,0]]
[[163,163,-77,138,111,0],[119,74,-109,54,30,0]]
[[277,229,-50,228,228,0],[113,113,-115,105,6,0]]
[[115,79,-116,72,6,0],[128,107,-97,72,66,0]]
[[261,257,-52,234,232,0],[145,143,-89,125,74,0]]
[[141,127,-93,107,68,0],[139,125,-95,108,61,0]]
[[127,103,-106,88,36,0],[1112,1111,-13,1110,1100,0]]
[[118,98,-110,75,31,0],[137,85,-103,75,44,0]]
[[117,62,-117,40,22,0],[127,53,-112,38,30,0]]
[[187,161,-77,157,114,0],[190,164,-74,147,133,0]]
[[96,86,-122,33,27,0],[89,79,-129,33,6,0]]
[[137,53,-108,48,34,0],[135,56,-109,48,34,0]]
[[297,285,-50,266,266,0],[193,193,-73,171,142,0]]
[[124,2,-124,1,1,0],[106,32,-136,1,1,0]]
[[183,169,-83,158,111,0],[292,279,-53,266,252,0]]
[[118,49,-129,26,12,0],[100,73,-133,26,14,0]]
[[272,227,-59,222,218,0],[83,79,-139,12,11,0]]
[[158,67,-103,62,60,0],[139,90,-111,68,50,0]]
[[188,176,-82,145,137,0],[176,164,-94,163,83,0]]
[[127,91,-122,72,24,0],[472,469,-35,456,450,0]]
[[243,227,-67,214,189,0],[342,311,-49,310,294,0]]
[[262,228,-64,219,207,0],[1539,1539,-11,1535,1532,0]]
[[176,176,-90,159,103,0],[307,280,-55,266,266,0]]
[[148,146,-104,125,65,0],[187,119,-91,115,100,0]]
[[584,581,-29,568,568,0],[304,266,-56,257,257,0]]
[[149,131,-103,95,82,0],[141,123,-111,103,50,0]]
[[139,73,-121,65,26,0],[128,102,-118,61,51,0]]
[[331,293,-52,288,284,0],[207,203,-81,196,133,0]]
[[121,83,-133,68,3,0],[130,92,-124,75,23,0]]
[[157,155,-101,135,76,0],[289,283,-58,258,256,0]]
[[286,283,-59,264,246,0],[167,149,-97,123,96,0]]
[[283,272,-61,260,234,0],[133,107,-127,98,15,0]]
[[145,71,-119,52,45,0],[157,53,-113,52,45,0]]
[[153,103,-111,74,71,0],[139,89,-125,81,22,0]]
[[146,53,-123,52,24,0],[110,101,-131,52,28,0]]
[[119,111,-127,75,28,0],[109,101,-137,68,5,0]]
[[151,137,-107,100,81,0],[627,623,-29,621,600,0]]
[[293,275,-62,270,236,0],[149,115,-121,111,32,0]]
[[1229,1225,-15,1221,1218,0],[152,152,-104,107,93,0]]
[[196,166,-92,155,115,0],[139,48,-131,32,24,0]]
[[186,122,-100,105,103,0],[150,124,-122,117,35,0]]
[[183,119,-103,117,82,0],[135,109,-137,105,2,0]]
[[219,208,-83,192,152,0],[825,823,-23,816,809,0]]
[[127,111,-134,84,20,0],[182,77,-107,76,76,0]]
[[145,41,-133,30,23,0],[883,883,-22,880,864,0]]
[[193,173,-95,140,131,0],[317,300,-61,288,268,0]]
[[124,89,-139,44,30,0],[155,47,-128,44,30,0]]
[[251,248,-75,222,202,0],[384,375,-51,356,352,0]]
[[121,109,-135,57,38,0],[155,59,-129,58,27,0]]
[[432,422,-46,405,403,0],[151,61,-131,43,38,0]]
[[148,135,-127,120,36,0],[185,127,-108,120,84,0]]
[[109,97,-147,45,14,0],[149,53,-135,46,21,0]]
[[112,79,-151,26,14,0],[130,55,-147,26,12,0]]
[[157,85,-126,68,48,0],[130,117,-131,68,48,0]]
[[192,188,-98,165,117,0],[196,192,-94,147,147,0]]
[[175,144,-111,128,80,0],[185,144,-105,112,112,0]]
[[170,64,-120,57,57,0],[150,64,-136,63,15,0]]
[[153,72,-133,70,22,0],[171,72,-119,62,62,0]]
[[161,96,-125,90,42,0],[175,96,-115,78,78,0]]
[[107,83,-153,27,10,0],[144,40,-140,27,17,0]]
[[144,40,-140,23,21,0],[103,79,-157,23,2,0]]
[[310,301,-65,294,252,0],[191,149,-103,129,108,0]]
[[219,213,-89,197,146,0],[169,129,-118,120,60,0]]
[[116,109,-141,48,36,0],[219,173,-93,160,139,0]]
[[140,128,-130,91,47,0],[139,127,-131,91,44,0]]
[[148,141,-143,138,8,0],[184,177,-107,152,102,0]]
[[133,133,-141,107,18,0],[983,983,-22,974,970,0]]
[[178,147,-113,110,102,0],[149,134,-135,118,30,0]]
[[149,79,-145,76,7,0],[153,107,-133,84,43,0]]
[[146,45,-149,42,0,0],[145,80,-141,42,42,0]]
[[163,83,-131,62,53,0],[345,321,-63,313,290,0]]
[[153,147,-123,103,74,0],[181,115,-119,103,74,0]]
[[215,209,-97,192,135,0],[349,331,-62,312,306,0]]
[[175,149,-116,116,92,0],[143,117,-148,108,4,0]]
[[233,209,-91,187,164,0],[153,127,-134,108,38,0]]
[[122,107,-149,52,28,0],[158,59,-141,52,24,0]]
[[347,339,-64,330,292,0],[235,197,-95,191,146,0]]
[[333,295,-68,294,266,0],[157,129,-137,117,32,0]]
[[149,121,-138,96,36,0],[237,199,-93,182,161,0]]
[[139,92,-147,54,30,0],[133,99,-148,54,30,0]]
[[127,75,-158,30,14,0],[121,69,-164,26,0,0]]
[[133,113,-145,69,32,0],[139,119,-139,63,56,0]]
[[335,320,-67,306,282,0],[193,169,-113,153,96,0]]
[[213,201,-100,160,154,0],[221,184,-103,176,126,0]]
[[187,117,-121,93,90,0],[174,122,-128,105,63,0]]
[[142,97,-147,60,32,0],[179,55,-130,52,52,0]]
[[233,227,-93,199,168,0],[230,224,-96,207,151,0]]
[[187,163,-117,128,105,0],[167,143,-137,133,40,0]]
[[142,131,-141,78,54,0],[167,79,-144,78,24,0]]
[[258,232,-92,225,173,0],[379,358,-63,350,324,0]]
[[155,113,-147,97,24,0],[170,128,-132,99,67,0]]
[[139,137,-144,90,42,0],[199,80,-123,78,78,0]]
[[327,309,-74,302,260,0],[169,127,-133,84,79,0]]
[[329,328,-71,294,292,0],[148,146,-146,121,27,0]]
[[167,111,-139,84,55,0],[323,309,-76,306,250,0]]
[[187,173,-131,170,59,0],[214,182,-112,169,115,0]]
[[185,171,-133,169,54,0],[213,181,-113,170,111,0]]
[[327,324,-73,304,274,0],[167,137,-137,113,54,0]]
[[177,174,-139,172,40,0],[226,185,-107,172,132,0]]
[[131,125,-153,75,28,0],[177,91,-137,68,63,0]]
[[550,547,-45,534,518,0],[124,82,-170,25,11,0]]
[[121,103,-165,45,14,0],[161,59,-153,46,21,0]]
[[125,107,-161,46,25,0],[164,62,-150,45,31,0]]
[[124,113,-159,42,36,0],[149,61,-162,42,6,0]]
[[192,122,-130,103,81,0],[177,107,-145,106,33,0]]
[[181,122,-135,84,84,0],[155,151,-138,84,84,0]]
[[142,135,-151,90,36,0],[183,100,-139,90,54,0]]
[[179,116,-139,96,60,0],[208,85,-125,84,84,0]]
[[153,147,-159,133,8,0],[192,186,-120,133,125,0]]
[[193,173,-131,163,72,0],[205,185,-119,159,112,0]]
[[159,94,-155,68,30,0],[183,77,-142,60,58,0]]
[[147,82,-167,60,2,0],[179,73,-146,68,38,0]]
[[134,113,-167,76,4,0],[194,89,-135,76,72,0]]
[[226,205,-115,198,118,0],[203,203,-128,198,80,0]]
[[236,224,-106,199,155,0],[224,212,-118,209,109,0]]
[[241,187,-110,178,140,0],[517,515,-52,514,466,0]]
[[389,383,-67,357,348,0],[154,154,-158,135,15,0]]
[[187,144,-143,140,48,0],[221,144,-121,132,112,0]]
[[207,183,-123,157,110,0],[241,151,-113,142,137,0]]
[[161,111,-163,99,10,0],[347,332,-77,316,286,0]]
[[212,166,-128,161,89,0],[362,347,-75,340,294,0]]
[[170,65,-159,52,24,0],[134,113,-167,52,28,0]]
[[192,137,-141,130,58,0],[193,146,-137,130,72,0]]
[[118,118,-176,57,3,0],[191,65,-145,57,54,0]]
[[523,513,-53,509,474,0],[387,327,-72,326,316,0]]
[[223,223,-113,170,163,0],[171,171,-165,170,7,0]]
[[239,233,-109,198,165,0],[166,121,-155,84,48,0]]
[[1188,1178,-24,1177,1165,0],[129,117,-173,53,20,0]]
[[177,119,-151,88,57,0],[191,101,-147,88,57,0]]
[[209,197,-133,189,84,0],[263,173,-109,171,156,0]]
[[178,173,-143,142,66,0],[177,141,-158,134,26,0]]
[[130,88,-184,27,7,0],[143,79,-179,28,15,0]]
[[221,217,-119,185,134,0],[251,191,-113,175,154,0]]
[[174,109,-155,68,60,0],[162,97,-167,72,20,0]]
[[143,73,-183,30,3,0],[494,469,-59,468,436,0]]
[[199,185,-137,165,82,0],[373,361,-76,336,322,0]]
[[245,221,-112,184,170,0],[470,436,-62,425,419,0]]
[[194,162,-138,121,97,0],[179,127,-161,121,24,0]]
[[203,170,-137,146,90,0],[165,150,-167,134,14,0]]
[[183,168,-149,146,56,0],[209,176,-131,134,120,0]]
[[196,103,-149,88,62,0],[201,96,-147,88,62,0]]
[[191,139,-154,134,42,0],[209,157,-136,132,98,0]]
[[403,393,-74,384,338,0],[275,229,-109,223,172,0]]
[[137,113,-179,46,25,0],[176,68,-168,45,31,0]]
[[251,192,-119,180,144,0],[447,393,-68,386,386,0]]
[[246,144,-124,133,133,0],[186,144,-164,143,23,0]]
[[176,114,-172,109,9,0],[185,149,-153,121,60,0]]
[[197,135,-151,121,60,0],[164,128,-174,109,9,0]]
[[160,128,-166,75,47,0],[163,131,-163,68,63,0]]
[[163,109,-172,72,28,0],[157,116,-173,72,28,0]]
[[169,103,-169,59,44,0],[131,115,-187,55,4,0]]
[[240,232,-124,213,135,0],[248,240,-116,195,177,0]]
[[235,180,-129,152,134,0],[215,180,-141,166,88,0]]
[[196,120,-160,117,39,0],[224,120,-140,111,93,0]]
[[1093,1076,-29,1074,1066,0],[165,111,-172,64,40,0]]
[[216,82,-148,81,69,0],[192,116,-158,81,69,0]]
[[227,167,-137,151,106,0],[191,187,-149,155,74,0]]
[[397,388,-79,372,334,0],[243,205,-129,194,125,0]]
[[215,185,-145,174,81,0],[397,373,-80,360,330,0]]
[[481,481,-65,450,447,0],[578,569,-55,546,546,0]]
[[161,148,-165,72,72,0],[173,135,-164,72,72,0]]
[[290,250,-110,241,189,0],[188,147,-167,138,30,0]]
[[217,93,-149,84,77,0],[377,347,-86,346,292,0]]
[[223,163,-141,147,98,0],[185,181,-155,149,62,0]]
[[247,149,-131,143,122,0],[211,161,-151,154,67,0]]
[[223,211,-131,162,141,0],[410,365,-79,354,342,0]]
[[193,127,-162,108,50,0],[185,155,-156,102,82,0]]
[[193,93,-170,92,24,0],[167,114,-181,88,12,0]]
[[160,159,-165,92,62,0],[177,141,-164,92,62,0]]
[[182,71,-177,52,24,0],[146,119,-185,52,28,0]]
[[386,341,-85,330,312,0],[191,89,-169,72,39,0]]
[[488,463,-67,442,442,0],[349,349,-93,341,264,0]]
[[199,179,-161,170,47,0],[398,383,-81,360,340,0]]
[[239,181,-137,174,109,0],[226,202,-136,171,121,0]]
[[242,184,-134,171,121,0],[223,199,-139,174,109,0]]
[[226,226,-140,213,99,0],[269,215,-121,201,162,0]]
[[217,161,-145,123,110,0],[187,131,-175,125,18,0]]
[[167,149,-167,75,74,0],[173,99,-183,79,10,0]]
[[225,216,-145,208,88,0],[261,216,-125,200,152,0]]
[[405,386,-81,358,352,0],[207,201,-151,181,76,0]]
[[209,118,-157,92,78,0],[217,107,-154,92,78,0]]
[[155,102,-193,60,4,0],[193,93,-170,60,56,0]]
[[404,367,-83,346,342,0],[197,193,-149,144,97,0]]
[[171,103,-184,72,18,0],[213,73,-160,72,54,0]]
[[157,136,-179,66,48,0],[191,71,-178,66,18,0]]
[[268,256,-122,237,165,0],[256,244,-134,243,123,0]]
[[196,133,-165,102,62,0],[191,149,-162,90,88,0]]
[[155,123,-193,81,4,0],[170,138,-178,91,39,0]]
[[200,196,-174,195,27,0],[290,196,-120,183,183,0]]
[[293,261,-115,237,202,0],[313,241,-111,225,218,0]]
[[265,262,-123,234,170,0],[259,256,-129,240,146,0]]
[[268,256,-122,221,181,0],[256,244,-134,235,131,0]]
[[225,192,-153,184,80,0],[255,192,-135,176,136,0]]
[[211,191,-151,152,99,0],[409,380,-85,362,342,0]]
[[256,244,-134,233,133,0],[268,256,-122,215,187,0]]
[[247,144,-143,138,110,0],[209,144,-169,142,42,0]]
[[271,267,-123,242,173,0],[209,145,-162,120,72,0]]
[[256,244,-134,231,135,0],[268,256,-122,201,201,0]]
[[242,212,-136,159,159,0],[430,379,-83,378,348,0]]
[[193,123,-178,108,30,0],[232,113,-153,102,90,0]]
[[230,111,-155,108,78,0],[185,115,-186,102,12,0]]
[[188,74,-186,57,19,0],[155,125,-191,58,31,0]]
[[179,167,-179,138,29,0],[781,757,-46,748,744,0]]
[[251,197,-139,180,129,0],[229,229,-137,165,156,0]]
[[188,74,-186,45,31,0],[149,119,-197,46,25,0]]
[[166,73,-201,26,12,0],[148,97,-205,26,14,0]]
[[153,124,-193,42,42,0],[212,43,-171,42,42,0]]
[[425,423,-82,396,370,0],[265,239,-131,221,152,0]]
[[271,261,-125,227,180,0],[268,258,-128,233,165,0]]
[[196,149,-169,98,78,0],[1312,1294,-28,1293,1285,0]]
[[282,256,-128,249,161,0],[291,265,-119,224,213,0]]
[[178,148,-182,107,37,0],[229,109,-161,107,70,0]]
[[161,151,-185,80,47,0],[177,97,-197,72,5,0]]
[[179,167,-172,90,84,0],[166,127,-197,90,6,0]]
[[239,193,-148,170,114,0],[213,167,-174,166,40,0]]
[[185,171,-171,115,70,0],[226,134,-160,105,95,0]]
[[190,176,-166,105,95,0],[221,129,-165,115,70,0]]
[[203,157,-179,148,33,0],[413,394,-89,382,336,0]]
[[193,161,-177,132,45,0],[251,129,-149,123,108,0]]
[[175,119,-190,58,46,0],[219,59,-172,54,52,0]]
[[198,178,-190,177,9,0],[251,231,-137,177,168,0]]
[[264,256,-136,237,147,0],[272,264,-128,225,183,0]]
[[221,144,-171,142,52,0],[247,144,-153,140,98,0]]
[[175,139,-187,80,47,0],[179,143,-183,72,67,0]]
[[256,238,-136,181,177,0],[220,202,-172,199,51,0]]
[[257,136,-149,134,110,0],[227,173,-158,136,106,0]]
[[284,163,-135,162,150,0],[219,218,-155,180,102,0]]
[[191,86,-193,60,24,0],[154,139,-197,60,36,0]]
[[201,93,-192,92,10,0],[216,129,-171,92,82,0]]
[[214,127,-173,98,70,0],[209,101,-184,98,28,0]]
[[277,226,-139,224,140,0],[317,197,-122,196,196,0]]
[[433,395,-88,376,364,0],[214,202,-162,167,87,0]]
[[181,131,-191,89,32,0],[229,89,-169,88,61,0]]
[[371,321,-103,304,285,0],[349,339,-107,320,261,0]]
[[229,193,-157,160,105,0],[257,167,-149,155,120,0]]
[[271,239,-137,215,158,0],[293,221,-131,205,178,0]]
[[202,174,-174,137,65,0],[223,155,-169,137,72,0]]
[[212,47,-185,46,28,0],[186,91,-197,42,38,0]]
[[580,557,-67,544,526,0],[461,443,-83,418,403,0]]
[[316,241,-123,230,204,0],[298,249,-131,246,170,0]]
[[184,89,-199,38,36,0],[212,47,-185,38,36,0]]
[[841,807,-47,803,798,0],[473,425,-83,409,406,0]]
[[245,227,-161,226,85,0],[271,253,-135,215,174,0]]
[[226,193,-163,164,92,0],[237,166,-167,164,72,0]]
[[197,143,-193,128,19,0],[183,183,-183,136,47,0]]
[[236,142,-164,109,105,0],[197,133,-193,116,21,0]]
[[164,151,-195,78,42,0],[218,79,-183,78,36,0]]
[[170,109,-205,42,32,0],[216,45,-185,38,38,0]]
[[159,137,-205,73,18,0],[185,107,-201,73,18,0]]
[[379,347,-103,318,305,0],[518,491,-77,482,450,0]]
[[169,111,-207,44,29,0],[144,120,-218,41,5,0]]
[[213,137,-188,132,30,0],[235,150,-169,138,78,0]]
[[211,123,-183,86,65,0],[202,114,-192,89,35,0]]
[[208,106,-188,75,51,0],[218,92,-184,75,51,0]]
[[193,151,-185,80,79,0],[167,125,-211,80,1,0]]
[[491,428,-83,424,412,0],[290,278,-134,259,175,0]]
[[287,267,-132,220,202,0],[277,257,-142,242,150,0]]
[[412,391,-97,374,332,0],[179,127,-199,61,46,0]]
[[361,333,-114,332,248,0],[359,346,-109,312,284,0]]
[[212,134,-194,133,19,0],[234,178,-164,131,117,0]]
[[349,327,-116,318,242,0],[359,326,-111,298,276,0]]
[[334,296,-122,289,219,0],[493,464,-83,456,418,0]]
[[205,100,-201,98,6,0],[211,157,-178,98,92,0]]
[[663,661,-62,654,608,0],[583,537,-71,533,516,0]]
[[179,176,-189,114,52,0],[167,164,-201,108,22,0]]
[[309,252,-133,244,184,0],[295,273,-132,236,200,0]]
[[505,457,-82,440,440,0],[305,305,-135,301,174,0]]
[[225,207,-183,203,46,0],[262,244,-146,203,157,0]]
[[154,102,-224,17,15,0],[151,99,-227,18,5,0]]
[[208,148,-188,119,49,0],[946,942,-44,929,915,0]]
[[439,380,-95,368,356,0],[233,89,-179,76,67,0]]
[[289,265,-141,252,161,0],[292,268,-138,249,173,0]]
[[190,188,-194,155,29,0],[431,428,-93,384,382,0]]
[[167,131,-209,58,31,0],[200,80,-204,57,19,0]]
[[346,230,-122,229,225,0],[242,117,-173,108,78,0]]
[[205,141,-193,114,39,0],[191,157,-195,114,39,0]]
[[302,292,-140,291,163,0],[319,309,-123,257,248,0]]
[[219,54,-193,46,34,0],[153,141,-212,44,38,0]]
[[271,199,-153,183,134,0],[245,213,-163,189,106,0]]
[[173,167,-202,114,24,0],[211,172,-179,114,90,0]]
[[214,163,-191,150,36,0],[251,176,-163,150,114,0]]
[[178,79,-219,26,12,0],[160,103,-223,26,14,0]]
[[227,163,-181,148,61,0],[214,206,-170,143,107,0]]
[[461,457,-89,427,402,0],[435,382,-97,360,360,0]]
[[165,88,-227,24,2,0],[205,37,-208,26,8,0]]
[[221,170,-195,168,28,0],[289,169,-150,168,140,0]]
[[215,121,-200,114,22,0],[216,167,-183,118,82,0]]
[[227,167,-191,164,39,0],[234,212,-168,169,109,0]]
[[285,223,-153,221,134,0],[277,253,-145,199,186,0]]
[[188,161,-205,122,22,0],[206,179,-187,130,68,0]]
[[174,153,-209,92,26,0],[178,157,-205,94,36,0]]
[[184,137,-209,86,26,0],[237,94,-185,86,60,0]]
[[457,439,-94,414,388,0],[241,215,-173,195,88,0]]
[[347,269,-127,262,227,0],[211,171,-194,144,44,0]]
[[216,111,-197,80,50,0],[237,89,-186,70,70,0]]
[[256,184,-168,159,113,0],[224,192,-184,163,69,0]]
[[215,183,-193,159,46,0],[251,179,-173,163,94,0]]
[[265,207,-161,176,135,0],[275,201,-157,160,159,0]]
[[274,189,-159,152,152,0],[241,221,-166,168,128,0]]
[[267,185,-163,154,135,0],[1502,1484,-30,1483,1473,0]]
[[213,103,-209,96,11,0],[217,145,-193,104,65,0]]
[[292,288,-142,249,189,0],[288,284,-146,255,171,0]]
[[179,143,-211,59,52,0],[216,60,-210,59,7,0]]
[[239,211,-174,174,102,0],[229,201,-184,174,72,0]]
[[214,39,-213,38,2,0],[186,81,-227,38,2,0]]
[[187,65,-229,19,4,0],[189,67,-227,20,9,0]]
[[799,764,-57,756,750,0],[371,261,-123,259,250,0]]
[[251,229,-172,210,98,0],[300,213,-149,182,182,0]]
[[159,119,-231,37,10,0],[422,421,-103,390,350,0]]
[[209,196,-187,140,78,0],[248,151,-181,140,78,0]]
[[170,131,-221,52,28,0],[206,83,-213,52,24,0]]
[[191,146,-209,94,34,0],[1009,1003,-45,990,977,0]]
[[459,417,-98,392,386,0],[225,169,-189,137,68,0]]
[[169,133,-221,49,32,0],[216,60,-210,49,17,0]]
[[285,242,-151,198,178,0],[316,203,-145,202,172,0]]
[[216,60,-210,47,19,0],[167,131,-223,47,28,0]]
[[305,271,-145,253,178,0],[481,477,-92,450,416,0]]
[[223,119,-204,114,24,0],[197,184,-195,120,66,0]]
[[203,190,-189,114,90,0],[235,131,-192,120,54,0]]
[[163,127,-227,43,20,0],[216,60,-210,43,23,0]]
[[413,403,-107,378,331,0],[559,551,-80,520,510,0]]
[[149,131,-234,46,0,0],[181,128,-217,46,46,0]]
[[157,121,-233,37,8,0],[216,60,-210,37,29,0]]
[[361,321,-123,281,278,0],[299,207,-152,192,162,0]]
[[487,454,-93,432,416,0],[320,224,-144,223,177,0]]
[[257,225,-163,160,159,0],[289,181,-159,176,135,0]]
[[288,284,-146,243,183,0],[292,288,-142,225,213,0]]
[[230,96,-200,93,33,0],[250,96,-184,87,75,0]]
[[259,144,-175,120,108,0],[245,144,-185,132,72,0]]
[[257,175,-173,148,111,0],[211,151,-211,139,12,0]]
[[486,429,-95,428,392,0],[229,193,-199,189,34,0]]
[[176,157,-213,78,42,0],[230,85,-201,78,36,0]]
[[479,477,-94,450,412,0],[299,261,-151,244,165,0]]
[[363,274,-129,272,236,0],[5211,5206,-9,5204,5204,0]]
[[213,127,-206,90,44,0],[229,120,-197,86,66,0]]
[[490,439,-95,426,408,0],[269,251,-157,192,171,0]]
[[197,193,-194,112,84,0],[201,150,-211,112,28,0]]
[[173,171,-212,90,42,0],[223,113,-204,90,42,0]]
[[231,121,-196,78,78,0],[181,179,-204,78,78,0]]
[[184,146,-218,87,25,0],[181,143,-221,85,18,0]]
[[241,211,-191,202,59,0],[269,239,-163,202,143,0]]
[[545,507,-87,505,460,0],[274,258,-166,243,123,0]]
[[241,157,-193,144,61,0],[256,172,-178,129,121,0]]
[[292,258,-158,243,149,0],[493,468,-95,450,416,0]]
[[302,254,-150,211,195,0],[221,217,-211,211,16,0]]
[[199,157,-207,75,74,0],[229,103,-205,86,41,0]]
[[212,86,-222,75,1,0],[193,151,-213,86,45,0]]
[[193,173,-214,128,24,0],[242,157,-191,136,72,0]]
[[262,199,-179,188,94,0],[593,521,-81,517,516,0]]
[[227,124,-203,90,58,0],[197,167,-206,80,78,0]]
[[263,263,-161,188,177,0],[246,246,-178,211,103,0]]
[[253,200,-189,192,72,0],[297,200,-161,168,168,0]]
[[316,300,-142,237,237,0],[300,284,-158,273,153,0]]
[[304,240,-154,195,195,0],[266,240,-176,225,105,0]]
[[290,144,-168,133,133,0],[232,144,-210,143,23,0]]
[[246,180,-196,175,55,0],[294,180,-164,155,155,0]]
[[179,137,-227,58,31,0],[212,86,-222,57,19,0]]
[[181,139,-225,57,38,0],[215,89,-219,58,27,0]]
[[293,269,-163,259,140,0],[307,283,-149,245,196,0]]
[[172,109,-241,38,2,0],[202,97,-225,38,36,0]]
[[515,501,-94,492,430,0],[355,293,-137,287,224,0]]
[[385,288,-127,276,270,0],[339,331,-136,300,234,0]]
[[212,86,-222,45,31,0],[173,131,-233,46,25,0]]
[[169,127,-237,45,14,0],[209,83,-225,46,21,0]]
[[173,168,-221,84,36,0],[212,133,-213,84,48,0]]
[[248,152,-190,105,105,0],[205,127,-227,105,0,0]]
[[233,137,-205,120,45,0],[235,157,-197,120,75,0]]
[[190,85,-237,26,12,0],[172,109,-241,26,14,0]]
[[204,68,-232,37,3,0],[220,64,-220,41,23,0]]
[[361,301,-136,296,230,0],[365,305,-132,274,264,0]]
[[198,180,-210,119,49,0],[263,125,-187,115,86,0]]
[[167,137,-236,54,14,0],[205,102,-225,56,26,0]]
[[191,147,-223,88,27,0],[246,100,-200,89,57,0]]
[[601,598,-81,576,542,0],[472,438,-104,423,383,0]]
[[209,129,-224,102,12,0],[199,191,-204,108,78,0]]
[[197,165,-223,124,15,0],[238,130,-210,129,29,0]]
[[263,155,-185,124,109,0],[227,195,-193,129,100,0]]
[[160,129,-243,26,20,0],[195,87,-236,26,20,0]]
[[187,144,-233,98,0,0],[211,148,-217,110,32,0]]
[[316,304,-146,257,217,0],[304,292,-158,275,163,0]]
[[269,259,-175,236,117,0],[257,247,-187,233,84,0]]
[[219,206,-193,118,114,0],[209,196,-203,134,68,0]]
[[489,457,-104,452,390,0],[247,185,-205,181,46,0]]
[[238,89,-213,78,36,0],[184,161,-225,78,42,0]]
[[344,323,-139,266,262,0],[369,291,-138,284,238,0]]
[[342,321,-141,284,238,0],[371,293,-136,266,262,0]]
[[256,216,-200,215,57,0],[320,216,-160,213,163,0]]
[[241,59,-213,54,33,0],[218,72,-230,51,9,0]]
[[239,239,-183,171,124,0],[243,185,-205,172,51,0]]
[[313,156,-165,152,152,0],[243,241,-180,152,152,0]]
[[239,213,-189,139,124,0],[205,179,-223,141,20,0]]
[[307,146,-169,144,140,0],[231,211,-198,164,80,0]]
[[299,178,-173,166,138,0],[237,173,-216,166,28,0]]
[[172,159,-239,86,6,0],[268,91,-195,90,74,0]]
[[221,132,-221,96,36,0],[332,282,-156,277,181,0]]
[[269,191,-185,153,122,0],[227,149,-227,143,6,0]]
[[179,113,-247,24,21,0],[229,43,-227,24,21,0]]
[[218,215,-223,196,14,0],[287,245,-172,214,146,0]]
[[323,288,-153,244,214,0],[289,288,-171,266,140,0]]
[[312,296,-164,285,159,0],[328,312,-148,261,231,0]]
[[184,181,-223,92,50,0],[262,91,-201,90,62,0]]
[[313,305,-152,240,226,0],[303,295,-162,266,170,0]]
[[281,281,-181,270,111,0],[263,263,-199,261,66,0]]
[[218,89,-231,52,24,0],[182,137,-239,52,28,0]]
[[251,217,-188,156,124,0],[235,201,-204,164,68,0]]
[[323,199,-164,198,160,0],[299,232,-169,192,170,0]]
[[295,261,-166,198,192,0],[233,199,-228,198,6,0]]
[[299,266,-171,246,148,0],[277,255,-188,246,98,0]]
[[223,171,-212,104,78,0],[224,167,-213,106,72,0]]
[[219,123,-226,70,46,0],[199,118,-241,66,10,0]]
[[227,207,-203,138,93,0],[279,149,-191,135,102,0]]
[[229,209,-201,135,102,0],[277,147,-193,138,93,0]]
[[597,576,-89,554,530,0],[433,409,-121,385,336,0]]
[[227,139,-223,102,41,0],[200,190,-218,99,73,0]]
[[327,309,-154,268,214,0],[337,290,-157,276,194,0]]
[[343,301,-155,289,200,0],[284,119,-191,112,100,0]]
[[233,79,-228,48,36,0],[205,99,-244,48,12,0]]
[[324,192,-168,187,161,0],[252,192,-216,191,37,0]]
[[270,240,-198,233,79,0],[330,240,-162,217,191,0]]
[[887,871,-61,853,844,0],[337,321,-149,261,248,0]]
[[258,156,-202,109,103,0],[257,127,-211,122,51,0]]
[[233,103,-234,102,0,0],[203,141,-242,102,0,0]]
[[193,185,-232,124,22,0],[271,136,-201,132,74,0]]
[[251,149,-209,120,71,0],[259,121,-211,120,49,0]]
[[295,157,-185,146,121,0],[253,205,-197,151,110,0]]
[[361,317,-151,311,216,0],[365,321,-147,304,235,0]]
[[244,55,-225,38,36,0],[216,97,-239,38,36,0]]
[[211,163,-225,75,74,0],[241,109,-223,86,41,0]]
[[251,59,-221,57,32,0],[199,111,-249,53,8,0]]
[[279,159,-195,122,121,0],[249,183,-207,139,86,0]]
[[513,491,-106,466,432,0],[269,235,-197,215,92,0]]
[[315,240,-171,208,176,0],[285,240,-189,224,112,0]]
[[509,448,-109,436,412,0],[226,202,-210,123,95,0]]
[[259,160,-215,158,46,0],[301,160,-185,154,122,0]]
[[1067,1063,-52,1044,1034,0],[226,152,-234,129,15,0]]
[[199,164,-237,96,30,0],[317,313,-167,289,174,0]]
[[494,479,-113,474,386,0],[281,193,-193,167,114,0]]
[[302,194,-182,163,151,0],[287,203,-189,177,124,0]]
[[2815,2797,-20,2796,2796,0],[523,505,-107,501,420,0]]
[[246,93,-225,74,40,0],[190,163,-239,74,40,0]]
[[3315,3301,-17,3300,3299,0],[566,503,-99,486,484,0]]
[[243,59,-232,58,12,0],[195,115,-254,54,2,0]]
[[421,401,-131,388,303,0],[619,556,-91,552,532,0]]
[[241,103,-229,84,31,0],[233,131,-227,84,53,0]]
[[224,92,-240,45,31,0],[185,137,-251,46,25,0]]
[[469,466,-117,446,372,0],[186,112,-260,35,3,0]]
[[395,307,-143,299,260,0],[415,285,-137,284,279,0]]
[[197,149,-244,78,24,0],[214,151,-233,78,54,0]]
[[604,564,-94,555,519,0],[203,130,-247,66,20,0]]
[[339,329,-154,270,244,0],[371,294,-151,270,244,0]]
[[206,195,-239,150,12,0],[287,193,-192,150,138,0]]
[[293,169,-194,158,110,0],[247,180,-221,158,48,0]]
[[242,79,-233,50,38,0],[236,83,-237,52,30,0]]
[[320,320,-160,243,237,0],[227,35,-250,6,6,0]]
[[167,149,-259,42,15,0],[532,532,-104,501,459,0]]
[[546,527,-103,502,468,0],[563,509,-102,502,468,0]]
[[350,348,-150,289,259,0],[337,335,-163,315,194,0]]
[[513,441,-112,424,418,0],[218,136,-238,69,47,0]]
[[368,368,-148,339,249,0],[577,553,-98,516,516,0]]
[[217,79,-253,36,7,0],[209,107,-251,36,29,0]]
[[307,299,-176,270,160,0],[344,287,-161,240,230,0]]
[[252,178,-212,119,99,0],[493,482,-113,446,416,0]]
[[247,179,-230,170,26,0],[287,219,-190,166,150,0]]
[[210,72,-260,11,11,0],[191,89,-269,11,0,0]]
[[202,143,-247,66,32,0],[206,147,-243,64,46,0]]
[[303,257,-183,229,148,0],[305,259,-181,227,156,0]]
[[301,163,-193,153,118,0],[236,182,-230,153,35,0]]
[[247,241,-207,191,90,0],[263,257,-191,175,154,0]]
[[196,167,-243,78,42,0],[250,95,-231,78,36,0]]
[[316,266,-176,231,175,0],[301,251,-191,241,120,0]]
[[278,211,-197,150,142,0],[299,179,-194,162,122,0]]
[[263,146,-217,120,72,0],[202,199,-233,120,48,0]]
[[301,211,-191,192,129,0],[224,194,-244,171,3,0]]
[[496,479,-119,478,378,0],[257,157,-221,133,60,0]]
[[311,299,-187,293,130,0],[339,327,-159,265,242,0]]
[[252,57,-235,46,28,0],[226,101,-247,42,38,0]]
[[201,163,-244,60,60,0],[216,101,-257,60,0,0]]
[[308,183,-193,174,124,0],[244,193,-231,170,36,0]]
[[243,231,-210,160,104,0],[227,215,-226,160,56,0]]
[[522,493,-113,476,426,0],[279,229,-197,171,140,0]]
[[244,193,-231,168,38,0],[308,183,-193,168,130,0]]
[[196,187,-241,92,50,0],[274,97,-219,90,62,0]]
[[263,131,-224,112,58,0],[297,100,-203,98,96,0]]
[[230,95,-249,52,24,0],[194,143,-257,52,28,0]]
[[260,63,-231,46,46,0],[178,137,-269,46,0,0]]
[[1631,1611,-37,1609,1596,0],[397,355,-146,320,286,0]]
[[348,336,-162,301,221,0],[336,324,-174,311,175,0]]
[[268,235,-209,204,90,0],[305,236,-187,180,174,0]]
[[248,161,-235,144,30,0],[619,607,-95,570,561,0]]
[[317,289,-176,242,188,0],[299,271,-194,254,122,0]]
[[219,218,-223,130,84,0],[239,197,-222,130,84,0]]
[[191,169,-251,73,36,0],[229,137,-241,68,57,0]]
[[317,269,-188,260,138,0],[331,266,-181,258,158,0]]
[[269,251,-213,231,76,0],[359,217,-169,211,196,0]]
[[308,296,-176,217,211,0],[344,256,-172,217,211,0]]
[[239,117,-243,85,28,0],[236,146,-236,83,63,0]]
[[224,121,-253,82,10,0],[242,139,-235,88,58,0]]
[[369,288,-161,248,248,0],[288,287,-207,280,88,0]]
[[275,256,-219,252,60,0],[365,256,-165,228,228,0]]
[[211,173,-245,104,35,0],[264,112,-230,105,41,0]]
[[254,97,-237,78,36,0],[200,169,-249,78,42,0]]
[[272,194,-210,133,123,0],[1002,995,-61,988,948,0]]
[[221,95,-259,42,15,0],[235,85,-251,42,27,0]]
[[278,257,-199,210,126,0],[277,229,-212,210,84,0]]
[[265,217,-224,204,54,0],[284,263,-193,204,150,0]]
[[740,722,-82,705,675,0],[856,841,-71,822,804,0]]
[[509,471,-118,442,420,0],[229,97,-253,44,29,0]]
[[273,162,-219,142,74,0],[261,177,-222,142,74,0]]
[[328,225,-187,222,144,0],[421,353,-143,321,310,0]]
[[217,193,-241,132,37,0],[223,199,-235,135,52,0]]
[[386,382,-148,329,291,0],[381,377,-153,346,259,0]]
[[278,119,-223,118,56,0],[232,199,-227,106,98,0]]
[[496,491,-119,446,422,0],[205,133,-261,56,21,0]]
[[295,237,-195,176,161,0],[239,181,-251,169,0,0]]
[[201,133,-265,60,9,0],[225,103,-259,60,9,0]]
[[257,173,-239,167,24,0],[293,209,-203,176,123,0]]
[[293,227,-201,192,127,0],[299,233,-195,177,160,0]]
[[337,299,-176,270,190,0],[842,806,-74,801,773,0]]
[[336,328,-172,291,201,0],[344,336,-164,261,255,0]]
[[315,288,-185,254,164,0],[333,288,-175,226,220,0]]
[[226,97,-259,46,18,0],[248,49,-251,42,4,0]]
[[319,222,-193,210,138,0],[237,229,-238,198,30,0]]
[[226,193,-243,146,30,0],[269,178,-223,154,70,0]]
[[319,297,-179,243,194,0],[289,267,-209,254,93,0]]
[[278,239,-203,178,136,0],[277,219,-212,186,98,0]]
[[382,307,-161,288,240,0],[397,289,-158,288,240,0]]
[[213,185,-250,126,22,0],[285,145,-218,134,78,0]]
[[329,269,-181,219,198,0],[550,523,-113,510,450,0]]
[[253,115,-241,86,41,0],[223,169,-243,75,74,0]]
[[283,245,-215,229,84,0],[310,272,-188,219,175,0]]
[[266,257,-205,174,144,0],[301,187,-212,186,90,0]]
[[809,789,-79,787,732,0],[251,101,-246,58,48,0]]
[[239,101,-255,58,27,0],[205,151,-261,57,38,0]]
[[197,185,-255,93,34,0],[275,95,-233,94,43,0]]
[[208,173,-261,114,6,0],[298,137,-213,114,108,0]]
[[326,316,-180,273,189,0],[291,281,-215,273,84,0]]
[[258,99,-243,74,40,0],[202,169,-257,74,40,0]]
[[239,159,-243,100,55,0],[261,131,-237,100,55,0]]
[[233,95,-261,46,21,0],[193,139,-273,45,14,0]]
[[197,143,-269,46,25,0],[236,98,-258,45,31,0]]
[[196,121,-277,26,14,0],[214,97,-273,26,12,0]]
[[545,518,-115,486,462,0],[253,229,-233,198,51,0]]
[[274,166,-226,135,79,0],[258,150,-242,131,35,0]]
[[241,191,-235,120,77,0],[291,137,-219,112,97,0]]
[[273,198,-219,140,112,0],[231,219,-234,148,68,0]]
[[258,234,-216,149,127,0],[223,199,-251,149,22,0]]
[[310,224,-206,215,113,0],[298,238,-208,215,113,0]]
[[249,197,-249,181,16,0],[557,503,-116,498,446,0]]
[[383,253,-169,247,220,0],[359,271,-179,263,188,0]]
[[275,248,-207,166,150,0],[291,229,-206,170,144,0]]
[[221,203,-239,93,92,0],[254,124,-248,103,27,0]]
[[219,108,-269,38,20,0],[171,163,-276,38,20,0]]
[[181,151,-277,42,13,0],[541,465,-120,458,428,0]]
[[168,158,-280,31,15,0],[164,154,-284,29,5,0]]
[[271,268,-213,222,104,0],[279,235,-224,218,72,0]]
[[541,494,-119,468,448,0],[232,212,-236,133,75,0]]
[[273,244,-211,168,138,0],[323,184,-201,168,138,0]]
[[284,254,-220,235,83,0],[280,250,-224,233,73,0]]
[[256,110,-248,75,43,0],[259,113,-245,72,55,0]]
[[539,493,-121,480,431,0],[691,677,-94,660,614,0]]
[[211,204,-247,102,66,0],[243,169,-244,102,66,0]]
[[271,258,-211,186,132,0],[245,232,-237,186,54,0]]
[[411,283,-161,279,254,0],[365,313,-179,305,194,0]]
[[233,101,-268,60,6,0],[232,139,-257,60,54,0]]
[[376,352,-164,297,267,0],[352,328,-188,327,165,0]]
[[261,221,-227,168,87,0],[313,185,-207,147,144,0]]
[[233,89,-269,36,17,0],[256,62,-256,33,29,0]]
[[273,77,-244,76,30,0],[237,145,-254,74,54,0]]
[[262,101,-249,78,36,0],[208,173,-261,78,42,0]]
[[240,217,-233,126,98,0],[289,159,-224,126,98,0]]
[[185,163,-277,62,9,0],[191,169,-271,66,23,0]]
[[202,148,-272,39,39,0],[268,58,-248,39,39,0]]
[[263,257,-247,249,24,0],[329,323,-181,255,216,0]]
[[257,199,-243,171,42,0],[326,178,-204,171,129,0]]
[[214,185,-257,102,40,0],[275,109,-242,102,40,0]]
[[277,194,-229,162,80,0],[247,241,-226,160,102,0]]
[[320,161,-209,154,118,0],[322,163,-207,146,132,0]]
[[229,137,-262,58,46,0],[273,77,-244,54,52,0]]
[[261,65,-256,58,12,0],[213,121,-278,54,2,0]]
[[203,123,-283,43,0,0],[209,129,-277,48,13,0]]
[[252,193,-239,134,72,0],[286,143,-233,134,62,0]]
[[199,164,-273,78,12,0],[211,176,-261,84,42,0]]
[[313,307,-191,243,186,0],[560,557,-115,504,498,0]]
[[213,186,-263,116,20,0],[293,145,-226,116,96,0]]
[[302,238,-212,207,121,0],[305,209,-221,207,86,0]]
[[228,142,-264,71,35,0],[232,146,-260,69,49,0]]
[[263,163,-245,134,47,0],[261,161,-247,133,42,0]]
[[253,179,-241,98,93,0],[247,173,-247,110,63,0]]
[[293,139,-228,114,90,0],[218,207,-251,120,54,0]]
[[248,191,-257,166,16,0],[229,221,-254,170,26,0]]
[[292,235,-213,170,144,0],[269,261,-214,166,150,0]]
[[282,174,-230,131,95,0],[254,158,-254,129,29,0]]
[[345,327,-180,266,226,0],[339,321,-186,280,194,0]]
[[244,221,-235,132,98,0],[281,137,-242,134,42,0]]
[[321,281,-209,273,120,0],[348,308,-182,237,237,0]]
[[594,583,-111,536,530,0],[367,361,-169,295,264,0]]
[[293,205,-221,165,112,0],[250,212,-244,165,53,0]]
[[254,165,-247,106,66,0],[256,143,-253,106,40,0]]
[[372,216,-184,205,199,0],[276,216,-248,215,29,0]]
[[208,173,-269,86,26,0],[273,118,-245,86,60,0]]
[[341,230,-197,200,174,0],[267,210,-251,200,26,0]]
[[271,116,-247,82,58,0],[196,161,-281,74,2,0]]
[[273,118,-245,74,72,0],[206,171,-271,82,24,0]]
[[599,500,-115,498,486,0],[271,259,-227,216,87,0]]
[[223,203,-250,94,82,0],[240,163,-257,102,44,0]]
[[191,137,-290,38,0,0],[203,149,-278,42,32,0]]
[[310,236,-218,225,103,0],[556,547,-121,528,454,0]]
[[215,127,-281,55,6,0],[288,56,-240,55,49,0]]
[[249,198,-243,124,80,0],[225,174,-267,116,16,0]]
[[298,108,-232,99,75,0],[219,209,-251,96,81,0]]
[[207,128,-285,34,16,0],[216,123,-281,32,26,0]]
[[262,151,-263,146,4,0],[283,214,-227,164,106,0]]
[[313,307,-199,254,167,0],[327,263,-211,258,121,0]]
[[343,224,-203,222,142,0],[319,253,-208,222,142,0]]
[[249,239,-244,190,54,0],[279,269,-214,184,150,0]]
[[287,221,-223,150,135,0],[277,211,-233,165,90,0]]
[[225,213,-268,166,4,0],[269,257,-224,188,114,0]]
[[254,149,-263,124,16,0],[323,126,-217,124,108,0]]
[[218,199,-257,82,78,0],[269,128,-251,92,54,0]]
[[573,535,-122,530,456,0],[289,215,-241,211,52,0]]
[[361,288,-187,252,210,0],[323,288,-209,270,132,0]]
[[244,205,-245,106,98,0],[290,125,-241,118,56,0]]
[[289,127,-239,96,81,0],[229,163,-269,99,24,0]]
[[301,219,-233,216,71,0],[571,538,-123,534,452,0]]
[[321,233,-217,225,112,0],[353,223,-199,217,160,0]]
[[204,185,-271,82,36,0],[247,106,-273,74,6,0]]
[[346,335,-183,258,240,0],[272,261,-257,258,18,0]]
[[245,155,-260,86,54,0],[231,141,-274,82,16,0]]
[[845,811,-83,794,779,0],[339,285,-201,265,158,0]]
[[245,199,-266,170,8,0],[273,227,-238,190,72,0]]
[[263,175,-267,171,0,0],[348,196,-202,171,171,0]]
[[241,152,-263,66,64,0],[231,142,-273,74,26,0]]
[[256,236,-236,161,95,0],[263,243,-229,151,126,0]]
[[307,269,-209,201,166,0],[284,202,-250,201,35,0]]
[[207,150,-283,46,28,0],[277,59,-256,42,38,0]]
[[237,129,-273,61,32,0],[241,133,-269,56,49,0]]
[[319,240,-217,222,120,0],[341,240,-203,210,168,0]]
[[432,385,-159,350,308,0],[432,371,-165,370,268,0]]
[[360,352,-184,315,213,0],[368,360,-176,297,255,0]]
[[329,180,-215,168,126,0],[301,180,-235,174,72,0]]
[[244,180,-258,113,53,0],[211,193,-271,108,25,0]]
[[227,96,-289,30,4,0],[178,169,-291,30,26,0]]
[[298,226,-240,225,59,0],[289,255,-233,230,81,0]]
[[640,619,-109,578,572,0],[421,415,-157,350,329,0]]
[[346,157,-207,152,144,0],[226,205,-271,152,8,0]]
[[249,214,-257,170,36,0],[639,588,-111,560,556,0]]
[[413,288,-173,264,264,0],[447,431,-159,424,295,0]]
[[328,292,-214,281,125,0],[373,299,-185,251,236,0]]
[[250,236,-248,179,59,0],[275,261,-223,169,144,0]]
[[320,181,-223,170,108,0],[283,215,-236,172,90,0]]
[[208,133,-293,46,2,0],[218,143,-283,52,26,0]]
[[277,191,-254,178,36,0],[320,205,-221,186,118,0]]
[[248,104,-276,57,19,0],[215,155,-281,58,31,0]]
[[215,197,-267,94,51,0],[292,106,-246,93,59,0]]
[[212,173,-277,74,34,0],[268,103,-263,74,34,0]]
[[248,104,-276,45,31,0],[209,149,-287,46,25,0]]
[[208,127,-295,26,14,0],[226,103,-291,26,12,0]]
[[350,347,-185,268,244,0],[346,343,-189,284,216,0]]
[[2511,2505,-29,2495,2492,0],[281,186,-245,150,72,0]]
[[351,149,-208,148,144,0],[994,973,-73,962,932,0]]
[[336,325,-217,324,120,0],[403,336,-175,300,264,0]]
[[294,252,-248,251,47,0],[392,252,-186,247,211,0]]
[[395,280,-183,264,228,0],[305,280,-237,276,72,0]]
[[335,297,-213,286,133,0],[382,290,-188,273,211,0]]
[[256,232,-250,179,59,0],[281,257,-225,169,144,0]]
[[309,239,-219,169,160,0],[273,203,-255,181,40,0]]
[[259,228,-241,138,108,0],[233,202,-267,138,30,0]]
[[290,169,-243,138,78,0],[296,175,-237,132,102,0]]
[[355,323,-199,305,174,0],[370,338,-184,285,239,0]]
[[251,162,-271,124,18,0],[291,169,-242,132,86,0]]
[[515,477,-141,466,385,0],[709,668,-103,656,618,0]]
[[299,230,-227,172,130,0],[281,212,-245,178,70,0]]
[[596,569,-123,562,480,0],[356,274,-206,269,155,0]]
[[281,97,-259,70,49,0],[247,127,-277,71,26,0]]
[[281,126,-255,82,70,0],[273,137,-258,82,70,0]]
[[715,704,-101,670,648,0],[536,514,-134,487,429,0]]
[[303,273,-228,242,106,0],[313,283,-218,242,136,0]]
[[1456,1439,-51,1434,1410,0],[316,150,-232,117,117,0]]
[[332,272,-224,271,109,0],[367,287,-197,263,194,0]]
[[266,256,-272,247,3,0],[334,324,-204,281,173,0]]
[[281,258,-229,172,138,0],[326,209,-221,166,148,0]]
[[301,189,-236,134,120,0],[295,183,-242,146,90,0]]
[[291,133,-251,104,69,0],[233,201,-265,105,64,0]]
[[223,191,-275,104,35,0],[282,124,-260,105,41,0]]
[[508,419,-147,414,366,0],[501,427,-148,414,366,0]]
[[226,169,-279,78,38,0],[191,183,-292,72,10,0]]
[[297,123,-248,86,86,0],[223,209,-266,96,70,0]]
[[220,179,-279,78,42,0],[274,107,-267,78,36,0]]
[[211,186,-285,98,14,0],[237,157,-282,98,14,0]]
[[327,265,-221,243,128,0],[389,225,-193,213,208,0]]
[[367,239,-205,235,166,0],[281,229,-263,221,26,0]]
[[300,248,-244,235,69,0],[372,244,-200,221,195,0]]
[[395,349,-185,327,232,0],[619,613,-118,580,534,0]]
[[278,131,-261,76,72,0],[218,155,-293,76,4,0]]
[[361,331,-209,329,154,0],[389,359,-181,301,266,0]]
[[597,569,-124,544,498,0],[311,265,-233,245,98,0]]
[[283,184,-249,126,92,0],[285,137,-262,126,34,0]]
[[268,206,-252,123,99,0],[293,141,-257,129,48,0]]
[[587,550,-127,516,494,0],[360,174,-212,167,155,0]]
[[229,164,-283,64,46,0],[256,131,-277,64,46,0]]
[[569,565,-128,510,496,0],[268,254,-242,175,105,0]]
[[355,237,-213,224,155,0],[323,283,-215,216,175,0]]
[[316,203,-241,198,80,0],[337,205,-226,198,118,0]]
[[261,163,-269,104,51,0],[320,98,-240,97,81,0]]
[[285,267,-240,218,94,0],[251,233,-274,196,14,0]]
[[292,103,-261,92,42,0],[212,191,-285,90,28,0]]
[[298,109,-255,90,62,0],[220,199,-277,92,50,0]]
[[379,344,-197,328,198,0],[391,356,-185,312,250,0]]
[[267,253,-241,153,126,0],[249,235,-259,162,63,0]]
[[241,143,-284,50,50,0],[249,94,-293,50,0,0]]
[[283,183,-269,177,20,0],[593,548,-129,540,472,0]]
[[419,245,-184,242,238,0],[878,851,-87,834,808,0]]
[[484,388,-158,371,343,0],[313,308,-221,260,140,0]]
[[379,215,-203,203,188,0],[309,247,-239,225,92,0]]
[[307,100,-251,88,68,0],[285,123,-264,92,52,0]]
[[283,229,-263,213,36,0],[329,245,-229,228,117,0]]
[[305,113,-253,94,71,0],[247,145,-287,91,14,0]]
[[306,114,-252,91,77,0],[251,149,-283,94,23,0]]
[[233,215,-269,110,69,0],[227,209,-275,111,50,0]]
[[291,83,-268,82,24,0],[259,155,-274,82,58,0]]
[[224,181,-285,78,42,0],[278,109,-273,78,36,0]]
[[562,545,-139,544,424,0],[817,772,-95,748,746,0]]
[[257,179,-285,151,0,0],[302,224,-240,171,115,0]]
[[287,79,-272,74,20,0],[253,149,-280,76,46,0]]
[[291,83,-268,76,30,0],[255,151,-278,74,54,0]]
[[313,233,-233,177,136,0],[312,232,-234,179,131,0]]
[[419,311,-185,295,250,0],[401,325,-191,305,230,0]]
[[355,341,-205,303,188,0],[617,611,-122,560,546,0]]
[[578,563,-131,522,488,0],[263,229,-259,161,72,0]]
[[258,109,-287,42,38,0],[284,65,-275,46,28,0]]
[[284,65,-275,38,36,0],[256,107,-289,38,36,0]]
[[291,83,-268,54,52,0],[247,143,-286,58,46,0]]
[[279,71,-280,58,12,0],[231,127,-302,54,2,0]]
[[241,237,-274,174,30,0],[313,212,-243,186,96,0]]
[[282,111,-279,106,8,0],[248,203,-271,118,62,0]]
[[256,211,-263,106,98,0],[302,131,-259,118,56,0]]
[[764,717,-103,690,688,0],[551,549,-139,523,438,0]]
[[227,184,-289,96,26,0],[299,127,-260,96,70,0]]
[[529,515,-143,465,436,0],[745,691,-106,672,658,0]]
[[337,201,-230,164,144,0],[282,265,-239,164,144,0]]
[[335,219,-237,217,100,0],[315,243,-241,217,100,0]]
[[291,211,-266,198,38,0],[301,288,-227,192,170,0]]
[[253,203,-271,124,61,0],[317,137,-249,121,84,0]]
[[396,384,-186,335,259,0],[384,372,-198,349,209,0]]
[[375,288,-207,266,190,0],[345,288,-225,274,134,0]]
[[383,271,-204,246,204,0],[345,302,-215,258,174,0]]
[[337,335,-215,291,166,0],[619,607,-124,552,550,0]]
[[251,229,-262,124,94,0],[321,148,-245,114,110,0]]
[[1244,1234,-64,1227,1187,0],[554,436,-144,423,423,0]]
[[629,618,-127,616,504,0],[445,309,-179,290,285,0]]
[[400,263,-199,252,212,0],[359,292,-215,268,168,0]]
[[247,181,-279,75,74,0],[277,127,-277,86,41,0]]
[[419,333,-186,292,274,0],[356,331,-223,326,138,0]]
[[241,163,-288,60,56,0],[212,159,-307,60,4,0]]
[[244,162,-292,99,15,0],[288,152,-266,105,69,0]]
[[288,80,-280,79,9,0],[239,191,-281,79,70,0]]
[[245,223,-268,106,94,0],[297,124,-269,114,38,0]]
[[581,563,-137,550,457,0],[769,752,-103,718,700,0]]
[[1206,1173,-67,1162,1150,0],[321,289,-226,222,162,0]]
[[217,213,-296,134,0,0],[245,241,-268,154,64,0]]
[[223,201,-290,104,30,0],[295,122,-271,106,40,0]]
[[263,113,-291,58,27,0],[229,163,-297,57,38,0]]
[[226,181,-293,74,40,0],[282,111,-279,74,40,0]]
[[288,80,-280,69,19,0],[229,181,-291,69,50,0]]
[[288,80,-280,67,21,0],[227,179,-293,67,46,0]]
[[280,278,-248,211,99,0],[377,203,-215,189,176,0]]
[[649,639,-122,612,554,0],[425,367,-187,349,256,0]]
[[316,316,-230,267,135,0],[620,599,-127,546,546,0]]
[[257,107,-297,46,21,0],[217,151,-309,45,14,0]]
[[220,133,-313,26,14,0],[238,109,-309,26,12,0]]
[[337,303,-223,258,159,0],[317,283,-243,258,99,0]]
[[221,173,-299,61,34,0],[288,80,-280,61,27,0]]
[[269,121,-286,52,52,0],[299,62,-273,60,28,0]]
[[327,321,-237,301,110,0],[354,348,-210,301,191,0]]
[[351,336,-225,322,140,0],[405,336,-195,308,238,0]]
[[287,37,-284,20,20,0],[188,169,-317,20,20,0]]
[[211,163,-309,51,14,0],[288,80,-280,51,37,0]]
[[257,109,-298,52,16,0],[287,50,-285,48,4,0]]
[[209,161,-311,49,10,0],[288,80,-280,49,39,0]]
[[224,193,-295,100,22,0],[284,97,-287,92,2,0]]
[[227,189,-291,64,61,0],[271,113,-289,71,24,0]]
[[304,71,-269,58,48,0],[264,121,-291,62,32,0]]
[[668,619,-121,590,576,0],[391,377,-199,350,219,0]]
[[253,105,-302,44,12,0],[295,58,-277,44,32,0]]
[[292,236,-254,175,99,0],[352,182,-232,161,141,0]]
[[410,288,-200,279,219,0],[328,288,-250,285,81,0]]
[[296,166,-276,159,27,0],[282,260,-248,153,141,0]]
[[246,224,-284,159,27,0],[332,202,-240,153,141,0]]
[[347,281,-229,255,144,0],[619,598,-131,576,510,0]]
[[214,214,-290,73,65,0],[209,209,-295,80,43,0]]
[[309,99,-267,86,55,0],[262,166,-284,85,59,0]]
[[289,128,-277,82,58,0],[208,179,-311,74,2,0]]
[[291,130,-275,74,72,0],[218,189,-301,82,24,0]]
[[376,367,-215,354,174,0],[431,362,-187,330,276,0]]
[[599,557,-136,528,492,0],[223,187,-305,105,0,0]]
[[650,587,-127,570,540,0],[361,331,-209,252,231,0]]
[[650,587,-127,570,540,0],[319,289,-251,273,84,0]]
]
[[361,331,-209,252,231,0],[319,289,-251,273,84,0]]
[[333,313,-233,281,132,0],[277,257,-289,244,1,0]]
[[189,187,-314,48,14,0],[291,74,-283,48,34,0]]
[[335,269,-241,252,111,0],[631,586,-131,576,510,0]]
[[334,322,-228,279,149,0],[419,261,-199,255,226,0]]
[[359,236,-227,206,162,0],[339,253,-234,212,146,0]]
[[638,617,-127,564,564,0],[277,277,-287,261,6,0]]
[[253,139,-298,48,46,0],[263,112,-299,54,22,0]]
[[269,118,-293,48,46,0],[247,133,-304,54,22,0]]
[[767,718,-109,712,664,0],[568,520,-144,485,459,0]]
[[289,289,-257,243,78,0],[629,593,-130,546,546,0]]
[[353,347,-211,276,213,0],[670,577,-125,564,558,0]]
[[324,232,-248,203,105,0],[598,591,-137,572,480,0]]
[[369,279,-222,260,166,0],[321,282,-249,260,94,0]]
[[1817,1817,-46,1800,1788,0],[559,466,-149,438,438,0]]
[[371,237,-223,217,168,0],[293,263,-261,223,72,0]]
[[264,109,-299,38,36,0],[292,67,-285,38,36,0]]
[[333,313,-228,260,158,0],[340,289,-235,262,132,0]]
[[333,293,-231,241,154,0],[643,575,-130,564,524,0]]
[[291,85,-287,75,14,0],[1186,1137,-71,1136,1116,0]]
[[405,300,-207,296,202,0],[345,300,-243,298,104,0]]
[[643,520,-131,516,516,0],[218,218,-298,123,15,0]]
[[296,260,-250,187,119,0],[279,243,-267,187,68,0]]
[[607,562,-137,546,486,0],[284,158,-286,135,21,0]]
[[579,577,-143,563,450,0],[613,551,-137,542,485,0]]
[[394,362,-206,339,211,0],[257,115,-306,60,6,0]]
[[316,121,-267,116,54,0],[248,221,-279,114,76,0]]
[[629,587,-134,582,500,0],[317,235,-265,231,56,0]]
[[236,187,-303,114,6,0],[326,151,-255,114,108,0]]
[[349,158,-241,136,130,0],[293,179,-276,150,46,0]]
[[256,103,-309,44,6,0],[266,113,-299,46,34,0]]
[[394,344,-202,285,251,0],[653,617,-128,596,546,0]]
[[275,172,-293,144,10,0],[279,239,-264,160,94,0]]
[[674,611,-125,588,572,0],[384,368,-204,319,229,0]]
[[305,165,-268,126,76,0],[955,899,-89,890,875,0]]
[[345,154,-245,132,122,0],[275,161,-294,132,10,0]]
[[238,211,-289,104,56,0],[310,115,-273,104,48,0]]
[[1609,1593,-53,1587,1562,0],[277,82,-299,38,22,0]]
[[683,663,-124,654,568,0],[475,389,-179,383,302,0]]
[[271,95,-303,54,9,0],[241,135,-313,54,9,0]]
[[294,166,-274,105,81,0],[238,230,-282,105,81,0]]
[[224,197,-303,90,28,0],[304,109,-279,92,42,0]]
[[305,299,-256,262,86,0],[406,265,-209,238,224,0]]
[[266,113,-303,52,24,0],[230,161,-311,52,28,0]]
[[225,165,-313,58,19,0],[230,170,-308,59,33,0]]
[[274,127,-301,98,2,0],[420,384,-192,331,281,0]]
[[301,217,-283,211,24,0],[337,253,-247,231,112,0]]
[[375,237,-228,226,158,0],[331,289,-236,226,158,0]]
[[396,240,-216,215,205,0],[324,240,-264,235,65,0]]
[[424,400,-188,323,313,0],[400,376,-212,367,197,0]]
[[308,200,-280,199,29,0],[392,200,-220,191,181,0]]
[[341,237,-251,231,96,0],[354,250,-238,231,135,0]]
[[255,241,-281,162,53,0],[600,595,-137,536,522,0]]
[[268,229,-291,188,18,0],[365,214,-235,202,142,0]]
[[580,571,-145,548,458,0],[584,575,-141,510,508,0]]
[[277,251,-263,137,128,0],[333,169,-257,152,93,0]]
[[277,189,-296,162,8,0],[467,383,-181,335,334,0]]
[[367,245,-229,193,190,0],[643,579,-134,566,522,0]]
[[379,349,-222,332,174,0],[397,356,-209,326,218,0]]
[[256,241,-281,158,58,0],[327,189,-258,158,100,0]]
[[261,247,-273,146,89,0],[598,593,-139,546,506,0]]
[[353,277,-239,257,134,0],[377,269,-227,253,166,0]]
[[521,521,-161,496,385,0],[517,517,-165,504,365,0]]
[[236,187,-303,78,42,0],[290,115,-291,78,36,0]]
[[271,166,-291,80,66,0],[247,142,-315,74,0,0]]
[[419,304,-205,280,238,0],[403,323,-208,280,238,0]]
[[353,353,-217,273,216,0],[640,631,-131,570,570,0]]
[[266,107,-309,46,18,0],[288,59,-301,42,4,0]]
[[427,411,-188,326,324,0],[472,361,-183,326,324,0]]
[[613,602,-137,554,524,0],[271,241,-283,185,44,0]]
[[313,243,-263,209,84,0],[637,582,-137,576,506,0]]
[[367,273,-227,209,204,0],[277,271,-279,225,44,0]]
[[369,318,-219,244,224,0],[365,314,-223,260,196,0]]
[[340,107,-259,104,84,0],[275,196,-283,104,84,0]]
[[402,244,-218,233,195,0],[379,277,-223,218,215,0]]
[[412,400,-194,309,309,0],[400,388,-206,351,231,0]]
[[371,200,-235,168,168,0],[329,200,-265,192,72,0]]
[[303,261,-264,214,86,0],[371,233,-232,194,178,0]]
[[375,346,-223,318,180,0],[444,305,-197,282,270,0]]
[[408,384,-216,383,193,0],[432,408,-192,365,283,0]]
[[379,153,-233,150,149,0],[292,254,-262,169,115,0]]
[[212,164,-326,27,23,0],[271,89,-311,28,21,0]]
[[267,138,-303,56,46,0],[279,93,-306,56,10,0]]
[[257,241,-283,153,62,0],[272,256,-268,147,113,0]]
[[268,217,-281,106,98,0],[314,137,-277,118,56,0]]
[[923,863,-96,856,834,0],[299,110,-289,70,50,0]]
[[299,263,-270,220,72,0],[331,295,-238,200,188,0]]
[[394,243,-225,236,176,0],[303,299,-258,244,100,0]]
[[297,73,-296,42,32,0],[285,61,-308,38,0,0]]
[[267,122,-313,76,0,0],[291,146,-289,84,64,0]]
[[314,261,-253,168,154,0],[296,243,-271,186,82,0]]
[[381,297,-229,280,169,0],[349,299,-247,281,120,0]]
[[989,979,-89,952,927,0],[1114,1111,-79,1078,1068,0]]
[[283,261,-271,189,84,0],[359,211,-243,171,156,0]]
[[348,200,-254,189,105,0],[254,232,-300,171,15,0]]
[[274,113,-307,42,38,0],[300,69,-295,46,28,0]]
[[347,201,-250,150,148,0],[271,205,-298,158,20,0]]
[[333,131,-267,121,76,0],[285,195,-283,121,76,0]]
[[411,401,-206,372,234,0],[541,493,-163,480,391,0]]
[[348,232,-246,185,149,0],[284,262,-272,195,79,0]]
[[292,287,-265,226,88,0],[344,229,-259,226,88,0]]
[[253,181,-303,86,45,0],[272,116,-312,75,1,0]]
[[304,150,-282,101,71,0],[281,127,-305,94,9,0]]
[[303,71,-293,45,36,0],[879,809,-102,808,778,0]]
[[234,224,-310,147,1,0],[267,257,-277,169,78,0]]
[[1253,1244,-71,1220,1206,0],[302,187,-297,186,6,0]]
[[294,241,-293,224,18,0],[418,227,-215,224,206,0]]
[[409,313,-212,264,246,0],[347,347,-232,294,168,0]]
[[305,257,-260,154,148,0],[269,197,-306,154,6,0]]
[[355,284,-241,246,152,0],[289,253,-292,226,24,0]]
[[239,167,-317,58,31,0],[272,116,-312,57,19,0]]
[[316,118,-282,93,59,0],[239,209,-303,94,51,0]]
[[292,115,-299,74,34,0],[236,185,-313,74,34,0]]
[[277,161,-298,82,58,0],[309,89,-292,82,24,0]]
[[227,201,-313,88,27,0],[300,136,-290,89,57,0]]
[[996,984,-90,965,925,0],[423,336,-207,296,256,0]]
[[269,113,-315,46,21,0],[229,157,-327,45,14,0]]
[[250,115,-327,26,12,0],[232,139,-331,26,14,0]]
[[273,157,-302,74,54,0],[309,89,-292,76,30,0]]
[[468,376,-190,345,309,0],[467,375,-191,351,300,0]]
[[311,235,-281,215,50,0],[349,241,-255,225,110,0]]
[[431,251,-211,243,228,0],[292,262,-296,243,15,0]]
[[416,404,-214,393,213,0],[428,416,-202,387,255,0]]
[[317,302,-251,232,136,0],[325,310,-243,224,168,0]]
[[369,360,-245,356,128,0],[441,360,-205,352,244,0]]
[[288,269,-269,186,102,0],[335,202,-267,186,84,0]]
[[309,89,-292,54,52,0],[265,149,-310,58,46,0]]
[[505,407,-181,405,326,0],[713,689,-128,686,588,0]]
[[265,181,-313,133,0,0],[332,160,-274,153,65,0]]
[[466,346,-194,319,299,0],[244,181,-313,74,38,0]]
[[293,259,-291,231,30,0],[1289,1243,-71,1231,1230,0]]
[[465,343,-197,341,270,0],[685,662,-131,638,578,0]]
[[481,307,-191,305,292,0],[404,362,-220,343,203,0]]
[[2093,2053,-44,2052,2050,0],[841,833,-107,802,765,0]]
[[665,648,-135,622,556,0],[381,315,-241,313,142,0]]
[[617,579,-148,570,478,0],[263,171,-307,72,55,0]]
[[375,312,-229,244,214,0],[333,321,-248,266,140,0]]
[[283,159,-306,116,20,0],[318,153,-283,124,64,0]]
[[317,227,-289,222,33,0],[1849,1825,-50,1818,1806,0]]
[[222,166,-332,35,21,0],[214,158,-340,31,1,0]]
[[274,109,-319,46,18,0],[296,61,-311,42,4,0]]
[[353,167,-261,148,111,0],[285,241,-281,153,92,0]]
[[627,621,-142,574,532,0],[385,187,-241,171,160,0]]
[[281,165,-313,133,0,0],[237,215,-319,133,0,0]]
[[365,361,-245,343,138,0],[374,370,-236,345,163,0]]
[[297,232,-293,198,38,0],[279,214,-311,182,0,0]]
[[334,257,-257,184,150,0],[312,235,-279,194,74,0]]
[[314,138,-292,117,43,0],[695,671,-133,658,575,0]]
[[244,191,-315,78,42,0],[298,119,-303,78,36,0]]
[[647,584,-143,564,524,0],[353,157,-263,139,108,0]]
[[457,276,-205,270,258,0],[338,325,-261,300,102,0]]
[[367,317,-233,226,225,0],[366,316,-234,239,209,0]]
[[437,336,-209,300,264,0],[361,336,-253,324,120,0]]
[[313,263,-293,253,30,0],[348,298,-258,275,113,0]]
[[233,203,-316,66,54,0],[332,71,-283,66,54,0]]
[[328,127,-285,116,54,0],[260,227,-297,114,76,0]]
[[314,272,-288,255,43,0],[403,291,-227,255,212,0]]
[[428,416,-202,355,287,0],[416,404,-214,373,233,0]]
[[674,643,-139,636,542,0],[404,310,-232,305,177,0]]
[[692,633,-135,616,574,0],[375,333,-241,310,157,0]]
[[400,320,-230,301,189,0],[405,325,-225,296,209,0]]
[[337,296,-251,224,158,0],[307,215,-302,206,14,0]]
[[373,251,-247,226,151,0],[355,233,-265,229,94,0]]
[[363,283,-248,248,150,0],[379,264,-245,248,150,0]]
[[409,385,-215,336,243,0],[413,389,-211,327,264,0]]
[[250,217,-307,104,56,0],[322,121,-291,104,48,0]]
[[269,164,-313,60,60,0],[304,67,-311,60,0,0]]
[[683,584,-139,582,546,0],[313,277,-269,213,108,0]]
[[724,619,-131,606,606,0],[392,392,-214,303,267,0]]
[[289,121,-314,78,18,0],[239,212,-313,78,60,0]]
[[409,381,-227,368,195,0],[450,386,-202,337,297,0]]
[[241,197,-325,109,4,0],[337,151,-277,116,95,0]]
[[338,152,-276,109,105,0],[249,205,-317,116,21,0]]
[[429,341,-214,298,258,0],[344,321,-271,312,82,0]]
[[332,242,-272,207,95,0],[646,623,-143,586,540,0]]
[[236,203,-321,90,28,0],[316,115,-297,92,42,0]]
[[322,121,-291,90,62,0],[244,211,-313,92,50,0]]
[[242,167,-329,52,28,0],[278,119,-321,52,24,0]]
[[688,563,-139,562,550,0],[281,269,-281,172,97,0]]
[[344,146,-278,145,67,0],[274,250,-288,143,93,0]]
[[394,194,-242,181,165,0],[656,611,-143,584,540,0]]
[[337,293,-253,209,168,0],[683,593,-140,590,546,0]]
[[387,273,-238,220,202,0],[306,301,-273,242,92,0]]
[[377,263,-248,242,150,0],[274,269,-305,220,18,0]]
[[661,659,-142,642,536,0],[410,304,-232,297,185,0]]
[[335,324,-285,322,52,0],[475,324,-201,308,290,0]]
[[1427,1404,-67,1384,1380,0],[793,697,-121,689,680,0]]
[[353,277,-251,197,182,0],[383,239,-245,202,175,0]]
[[262,124,-332,37,17,0],[265,127,-329,35,28,0]]
[[441,435,-204,394,278,0],[411,405,-234,404,178,0]]
[[249,173,-326,66,30,0],[261,172,-319,60,54,0]]
[[351,269,-271,261,88,0],[375,293,-247,264,157,0]]
[[363,280,-259,264,120,0],[407,280,-231,240,216,0]]
[[330,256,-292,255,39,0],[438,256,-220,249,225,0]]
[[436,420,-202,339,315,0],[420,404,-218,375,231,0]]
[[343,288,-279,284,68,0],[441,288,-217,268,244,0]]
[[392,180,-246,175,151,0],[328,180,-294,179,35,0]]
[[355,320,-267,312,96,0],[445,320,-213,288,264,0]]
[[423,360,-215,296,272,0],[387,360,-235,328,184,0]]
[[354,252,-268,241,97,0],[402,252,-236,221,197,0]]
[[361,161,-267,156,99,0],[375,155,-257,141,132,0]]
[[648,599,-147,580,520,0],[269,209,-311,135,32,0]]
[[319,121,-303,120,17,0],[251,227,-311,127,40,0]]
[[304,179,-309,162,12,0],[277,269,-288,180,78,0]]
[[363,150,-265,124,124,0],[307,130,-313,124,0,0]]
[[331,155,-291,150,45,0],[281,259,-285,150,105,0]]
[[403,220,-239,204,180,0],[347,281,-256,216,156,0]]
[[248,193,-321,78,42,0],[302,121,-309,78,36,0]]
[[1309,1291,-74,1288,1238,0],[333,266,-277,240,82,0]]
[[387,189,-250,178,148,0],[343,226,-271,190,108,0]]
[[1165,1129,-83,1110,1101,0],[413,287,-229,237,234,0]]
[[283,173,-313,112,31,0],[301,191,-295,109,88,0]]
[[326,199,-281,138,106,0],[283,211,-304,142,48,0]]
[[332,298,-272,263,95,0],[662,653,-141,604,570,0]]
[[287,119,-320,46,40,0],[283,115,-324,50,24,0]]
[[280,114,-326,41,27,0],[298,88,-318,41,27,0]]
[[382,136,-256,131,131,0],[284,262,-284,131,131,0]]
[[461,329,-209,294,287,0],[421,343,-229,333,202,0]]
[[249,159,-334,52,22,0],[323,61,-302,52,30,0]]
[[347,181,-277,162,89,0],[270,236,-306,157,43,0]]
[[460,360,-208,333,279,0],[368,360,-260,351,117,0]]
[[223,203,-331,58,37,0],[293,119,-317,58,37,0]]
[[539,437,-181,432,363,0],[739,730,-131,720,618,0]]
[[345,337,-281,333,68,0],[411,403,-215,332,267,0]]
[[383,311,-251,299,144,0],[404,332,-230,285,221,0]]
[[343,319,-251,231,180,0],[707,596,-139,594,570,0]]
[[649,599,-148,554,546,0],[320,146,-296,87,83,0]]
[[307,139,-307,93,46,0],[353,87,-279,82,79,0]]
[[223,223,-326,86,34,0],[248,167,-337,76,2,0]]
[[419,397,-214,318,284,0],[437,348,-225,346,214,0]]
[[287,281,-283,185,100,0],[262,256,-308,175,35,0]]
[[673,638,-145,626,540,0],[343,257,-283,248,69,0]]
[[681,647,-142,622,564,0],[353,295,-269,275,104,0]]
[[232,209,-329,86,26,0],[309,142,-305,86,60,0]]
[[299,281,-298,240,42,0],[403,274,-239,240,198,0]]
[[302,61,-323,38,2,0],[274,103,-337,38,2,0]]
[[253,233,-311,116,59,0],[289,193,-307,116,59,0]]
[[288,242,-292,127,111,0],[268,208,-318,131,27,0]]
[[367,289,-263,273,120,0],[394,316,-236,237,237,0]]
[[263,179,-331,111,0,0],[352,148,-278,111,111,0]]
[[691,639,-141,608,581,0],[877,847,-112,832,780,0]]
[[263,241,-303,114,87,0],[313,137,-309,114,27,0]]
[[391,341,-233,264,235,0],[381,317,-249,289,160,0]]
[[255,149,-337,36,31,0],[252,146,-340,39,19,0]]
[[348,273,-263,212,146,0],[346,271,-265,214,138,0]]
[[349,313,-276,300,86,0],[373,312,-263,306,116,0]]
[[453,403,-218,398,240,0],[471,421,-200,362,330,0]]
[[277,267,-307,204,33,0],[323,313,-261,204,171,0]]
[[515,421,-193,415,328,0],[739,717,-134,708,614,0]]
